1 1 0 30.830000 0.000000 1 0 0 0 1 0 1 0 0 0 0 0 0 0 0 0 1 0 0 0 0 1 0 0 0 0 0 0 0 0 1.250000 1 0 1 0 1.000000 0 1 1 0 0 202.000000 0.000000 
1 0 1 58.670000 4.460000 1 0 0 0 1 0 1 0 0 0 0 0 0 0 0 1 0 0 0 0 0 0 1 0 0 0 0 0 0 0 3.040000 1 0 1 0 6.000000 0 1 1 0 0 43.000000 560.000000 
1 0 1 24.500000 0.500000 1 0 0 0 1 0 1 0 0 0 0 0 0 0 0 1 0 0 0 0 0 0 1 0 0 0 0 0 0 0 1.500000 1 0 0 1 0.000000 0 1 1 0 0 280.000000 824.000000 
1 1 0 27.830000 1.540000 1 0 0 0 1 0 1 0 0 0 0 0 0 0 0 0 1 0 0 0 0 1 0 0 0 0 0 0 0 0 3.750000 1 0 1 0 5.000000 1 0 1 0 0 100.000000 3.000000 
1 1 0 20.170000 5.625000 1 0 0 0 1 0 1 0 0 0 0 0 0 0 0 0 1 0 0 0 0 1 0 0 0 0 0 0 0 0 1.710000 1 0 0 1 0.000000 0 1 0 0 1 120.000000 0.000000 
1 1 0 32.080000 4.000000 1 0 0 0 1 0 1 0 0 0 0 0 0 1 0 0 0 0 0 0 0 1 0 0 0 0 0 0 0 0 2.500000 1 0 0 1 0.000000 1 0 1 0 0 360.000000 0.000000 
1 1 0 33.170000 1.040000 1 0 0 0 1 0 1 0 0 0 0 0 0 0 1 0 0 0 0 0 0 0 1 0 0 0 0 0 0 0 6.500000 1 0 0 1 0.000000 1 0 1 0 0 164.000000 31285.000000 
1 0 1 22.920000 11.585000 1 0 0 0 1 0 1 0 0 1 0 0 0 0 0 0 0 0 0 0 0 1 0 0 0 0 0 0 0 0 0.040000 1 0 0 1 0.000000 0 1 1 0 0 80.000000 1349.000000 
1 1 0 54.420000 0.500000 0 1 0 0 0 1 0 0 0 0 0 0 1 0 0 0 0 0 0 0 0 0 1 0 0 0 0 0 0 0 3.960000 1 0 0 1 0.000000 0 1 1 0 0 180.000000 314.000000 
1 1 0 42.500000 4.915000 0 1 0 0 0 1 0 0 0 0 0 0 0 0 0 0 1 0 0 0 0 1 0 0 0 0 0 0 0 0 3.165000 1 0 0 1 0.000000 1 0 1 0 0 52.000000 1442.000000 
1 1 0 22.080000 0.830000 1 0 0 0 1 0 1 1 0 1 0 0 0 0 0 0 0 0 0 0 0 0 1 0 0 0 0 0 0 0 2.165000 0 1 0 1 0.000000 1 0 1 0 0 128.000000 0.000000 
1 1 0 29.920000 1.835000 1 0 0 0 1 0 1 1 0 1 0 0 0 0 0 0 0 0 0 0 0 0 1 0 0 0 0 0 0 0 4.335000 1 0 0 1 0.000000 0 1 1 0 0 260.000000 200.000000 
1 0 1 38.250000 6.000000 1 0 0 0 1 0 1 0 0 0 0 0 1 0 0 0 0 0 0 0 0 1 0 0 0 0 0 0 0 0 1.000000 1 0 0 1 0.000000 1 0 1 0 0 0.000000 0.000000 
1 1 0 48.080000 6.040000 1 0 0 0 1 0 1 0 0 0 0 0 1 0 0 0 0 0 0 0 0 1 0 0 0 0 0 0 0 0 0.040000 0 1 0 1 0.000000 0 1 1 0 0 0.000000 2690.000000 
1 0 1 45.830000 10.500000 1 0 0 0 1 0 1 0 0 0 0 0 0 0 0 1 0 0 0 0 0 1 0 0 0 0 0 0 0 0 5.000000 1 0 1 0 7.000000 1 0 1 0 0 0.000000 0.000000 
1 1 0 36.670000 4.415000 0 1 0 0 0 1 0 0 0 0 0 0 1 0 0 0 0 0 0 0 0 1 0 0 0 0 0 0 0 0 0.250000 1 0 1 0 10.000000 1 0 1 0 0 320.000000 0.000000 
1 1 0 28.250000 0.875000 1 0 0 0 1 0 1 0 0 0 0 0 0 1 0 0 0 0 0 0 0 1 0 0 0 0 0 0 0 0 0.960000 1 0 1 0 3.000000 1 0 1 0 0 396.000000 0.000000 
1 0 1 23.250000 5.875000 1 0 0 0 1 0 1 0 0 0 0 0 0 0 0 1 0 0 0 0 0 1 0 0 0 0 0 0 0 0 3.170000 1 0 1 0 10.000000 0 1 1 0 0 120.000000 245.000000 
1 1 0 21.830000 0.250000 1 0 0 0 1 0 1 0 1 0 0 0 0 0 0 0 0 0 0 0 0 0 1 0 0 0 0 0 0 0 0.665000 1 0 0 1 0.000000 1 0 1 0 0 0.000000 0.000000 
1 0 1 19.170000 8.585000 1 0 0 0 1 0 1 0 0 1 0 0 0 0 0 0 0 0 0 0 0 0 1 0 0 0 0 0 0 0 0.750000 1 0 1 0 7.000000 0 1 1 0 0 96.000000 0.000000 
1 1 0 25.000000 11.250000 1 0 0 0 1 0 1 1 0 1 0 0 0 0 0 0 0 0 0 0 0 1 0 0 0 0 0 0 0 0 2.500000 1 0 1 0 17.000000 0 1 1 0 0 200.000000 1208.000000 
1 1 0 23.250000 1.000000 1 0 0 0 1 0 1 1 0 1 0 0 0 0 0 0 0 0 0 0 0 1 0 0 0 0 0 0 0 0 0.835000 1 0 0 1 0.000000 0 1 0 0 1 300.000000 0.000000 
1 0 1 47.750000 8.000000 1 0 0 0 1 0 1 1 0 1 0 0 0 0 0 0 0 0 0 0 0 1 0 0 0 0 0 0 0 0 7.875000 1 0 1 0 6.000000 1 0 1 0 0 0.000000 1260.000000 
1 0 1 27.420000 14.500000 1 0 0 0 1 0 1 0 0 0 0 0 0 0 0 0 0 1 0 0 0 0 1 0 0 0 0 0 0 0 3.085000 1 0 1 0 1.000000 0 1 1 0 0 120.000000 11.000000 
1 0 1 41.170000 6.500000 1 0 0 0 1 0 1 0 0 0 0 0 0 0 0 1 0 0 0 0 0 1 0 0 0 0 0 0 0 0 0.500000 1 0 1 0 3.000000 1 0 1 0 0 145.000000 0.000000 
1 0 1 15.830000 0.585000 1 0 0 0 1 0 1 1 0 1 0 0 0 0 0 0 0 0 0 0 0 0 1 0 0 0 0 0 0 0 1.500000 1 0 1 0 2.000000 0 1 1 0 0 100.000000 0.000000 
1 0 1 47.000000 13.000000 1 0 0 0 1 0 1 0 0 0 1 0 0 0 0 0 0 0 0 0 0 0 0 1 0 0 0 0 0 0 5.165000 1 0 1 0 9.000000 1 0 1 0 0 0.000000 0.000000 
1 1 0 56.580000 18.500000 1 0 0 0 1 0 1 0 1 0 0 0 0 0 0 0 0 0 0 0 0 0 0 1 0 0 0 0 0 0 15.000000 1 0 1 0 17.000000 1 0 1 0 0 0.000000 0.000000 
1 1 0 57.420000 8.500000 1 0 0 0 1 0 1 0 0 0 0 0 0 0 0 0 0 0 1 0 0 0 1 0 0 0 0 0 0 0 7.000000 1 0 1 0 3.000000 0 1 1 0 0 0.000000 0.000000 
1 1 0 42.080000 1.040000 1 0 0 0 1 0 1 0 0 0 0 0 0 0 0 0 1 0 0 0 0 1 0 0 0 0 0 0 0 0 5.000000 1 0 1 0 6.000000 1 0 1 0 0 500.000000 10000.000000 
1 1 0 29.250000 14.790000 1 0 0 0 1 0 1 0 0 0 0 0 0 0 0 0 0 0 0 1 0 1 0 0 0 0 0 0 0 0 5.040000 1 0 1 0 5.000000 1 0 1 0 0 168.000000 0.000000 
1 1 0 42.000000 9.790000 1 0 0 0 1 0 1 0 0 0 0 0 0 0 0 0 0 1 0 0 0 0 1 0 0 0 0 0 0 0 7.960000 1 0 1 0 8.000000 0 1 1 0 0 0.000000 0.000000 
1 1 0 49.500000 7.585000 1 0 0 0 1 0 1 0 0 0 1 0 0 0 0 0 0 0 0 0 0 0 0 1 0 0 0 0 0 0 7.585000 1 0 1 0 15.000000 1 0 1 0 0 0.000000 5000.000000 
1 0 1 36.750000 5.125000 1 0 0 0 1 0 1 0 0 0 0 0 0 0 0 0 0 0 1 0 0 1 0 0 0 0 0 0 0 0 5.000000 1 0 0 1 0.000000 1 0 1 0 0 0.000000 4000.000000 
1 0 1 22.580000 10.750000 1 0 0 0 1 0 1 0 0 0 0 0 0 0 0 1 0 0 0 0 0 1 0 0 0 0 0 0 0 0 0.415000 1 0 1 0 5.000000 1 0 1 0 0 0.000000 560.000000 
1 1 0 27.830000 1.500000 1 0 0 0 1 0 1 0 0 0 0 0 0 0 0 0 1 0 0 0 0 1 0 0 0 0 0 0 0 0 2.000000 1 0 1 0 11.000000 1 0 1 0 0 434.000000 35.000000 
1 1 0 27.250000 1.585000 1 0 0 0 1 0 1 0 0 1 0 0 0 0 0 0 0 0 0 0 0 0 1 0 0 0 0 0 0 0 1.835000 1 0 1 0 12.000000 1 0 1 0 0 583.000000 713.000000 
1 0 1 23.000000 11.750000 1 0 0 0 1 0 1 0 0 0 0 0 0 0 0 0 0 1 0 0 0 0 1 0 0 0 0 0 0 0 0.500000 1 0 1 0 2.000000 1 0 1 0 0 300.000000 551.000000 
1 1 0 27.750000 0.585000 0 1 0 0 0 1 0 0 0 1 0 0 0 0 0 0 0 0 0 0 0 1 0 0 0 0 0 0 0 0 0.250000 1 0 1 0 2.000000 0 1 1 0 0 260.000000 500.000000 
1 1 0 54.580000 9.415000 1 0 0 0 1 0 1 0 0 0 0 0 0 0 0 0 0 0 0 0 1 0 0 0 0 0 0 0 1 0 14.415000 1 0 1 0 11.000000 1 0 1 0 0 30.000000 300.000000 
1 1 0 34.170000 9.170000 1 0 0 0 1 0 1 1 0 1 0 0 0 0 0 0 0 0 0 0 0 1 0 0 0 0 0 0 0 0 4.500000 1 0 1 0 12.000000 1 0 1 0 0 0.000000 221.000000 
1 1 0 28.920000 15.000000 1 0 0 0 1 0 1 1 0 1 0 0 0 0 0 0 0 0 0 0 0 0 1 0 0 0 0 0 0 0 5.335000 1 0 1 0 11.000000 0 1 1 0 0 0.000000 2283.000000 
1 1 0 29.670000 1.415000 1 0 0 0 1 0 1 0 0 0 0 0 0 0 0 0 1 0 0 0 0 0 1 0 0 0 0 0 0 0 0.750000 1 0 1 0 1.000000 0 1 1 0 0 240.000000 100.000000 
1 1 0 39.580000 13.915000 1 0 0 0 1 0 1 0 0 0 0 0 0 0 0 0 1 0 0 0 0 1 0 0 0 0 0 0 0 0 8.625000 1 0 1 0 6.000000 1 0 1 0 0 70.000000 0.000000 
1 1 0 56.420000 28.000000 0 1 0 0 0 1 0 1 0 1 0 0 0 0 0 0 0 0 0 0 0 1 0 0 0 0 0 0 0 0 28.500000 1 0 1 0 40.000000 0 1 1 0 0 0.000000 15.000000 
1 1 0 54.330000 6.750000 1 0 0 0 1 0 1 1 0 1 0 0 0 0 0 0 0 0 0 0 0 0 1 0 0 0 0 0 0 0 2.625000 1 0 1 0 11.000000 1 0 1 0 0 0.000000 284.000000 
1 0 1 41.000000 2.040000 0 1 0 0 0 1 0 0 0 0 0 0 0 0 0 1 0 0 0 0 0 0 1 0 0 0 0 0 0 0 0.125000 1 0 1 0 23.000000 1 0 1 0 0 455.000000 1236.000000 
1 1 0 31.920000 4.460000 1 0 0 0 1 0 1 0 0 1 0 0 0 0 0 0 0 0 0 0 0 0 1 0 0 0 0 0 0 0 6.040000 1 0 1 0 3.000000 0 1 1 0 0 311.000000 300.000000 
1 1 0 41.500000 1.540000 1 0 0 0 1 0 1 0 0 0 1 0 0 0 0 0 0 0 0 0 0 0 0 1 0 0 0 0 0 0 3.500000 0 1 0 1 0.000000 0 1 1 0 0 216.000000 0.000000 
1 1 0 23.920000 0.665000 1 0 0 0 1 0 1 1 0 1 0 0 0 0 0 0 0 0 0 0 0 1 0 0 0 0 0 0 0 0 0.165000 0 1 0 1 0.000000 0 1 1 0 0 100.000000 0.000000 
1 0 1 25.750000 0.500000 1 0 0 0 1 0 1 1 0 1 0 0 0 0 0 0 0 0 0 0 0 0 1 0 0 0 0 0 0 0 0.875000 1 0 0 1 0.000000 1 0 1 0 0 491.000000 0.000000 
1 1 0 26.000000 1.000000 1 0 0 0 1 0 1 0 0 0 0 0 0 0 0 1 0 0 0 0 0 1 0 0 0 0 0 0 0 0 1.750000 1 0 0 1 0.000000 1 0 1 0 0 280.000000 0.000000 
1 1 0 37.420000 2.040000 1 0 0 0 1 0 1 0 0 0 0 0 0 0 0 0 1 0 0 0 0 1 0 0 0 0 0 0 0 0 0.040000 1 0 0 1 0.000000 1 0 1 0 0 400.000000 5800.000000 
1 1 0 34.920000 2.500000 1 0 0 0 1 0 1 0 0 0 0 0 0 0 0 0 1 0 0 0 0 1 0 0 0 0 0 0 0 0 0.000000 1 0 0 1 0.000000 1 0 1 0 0 239.000000 200.000000 
1 1 0 34.250000 3.000000 1 0 0 0 1 0 1 0 0 1 0 0 0 0 0 0 0 0 0 0 0 0 1 0 0 0 0 0 0 0 7.415000 1 0 0 1 0.000000 1 0 1 0 0 0.000000 0.000000 
1 1 0 23.330000 11.625000 0 1 0 0 0 1 0 0 0 0 0 0 0 0 0 0 1 0 0 0 0 1 0 0 0 0 0 0 0 0 0.835000 1 0 0 1 0.000000 1 0 1 0 0 160.000000 300.000000 
1 1 0 23.170000 0.000000 1 0 0 0 1 0 1 0 0 1 0 0 0 0 0 0 0 0 0 0 0 1 0 0 0 0 0 0 0 0 0.085000 1 0 0 1 0.000000 0 1 1 0 0 0.000000 0.000000 
1 1 0 44.330000 0.500000 1 0 0 0 1 0 1 0 0 0 1 0 0 0 0 0 0 0 0 0 0 0 1 0 0 0 0 0 0 0 5.000000 1 0 0 1 0.000000 1 0 1 0 0 320.000000 0.000000 
1 1 0 35.170000 4.500000 1 0 0 0 1 0 1 0 0 0 0 0 0 0 0 0 0 1 0 0 0 0 1 0 0 0 0 0 0 0 5.750000 0 1 0 1 0.000000 1 0 0 0 1 711.000000 0.000000 
1 1 0 43.250000 3.000000 1 0 0 0 1 0 1 0 0 0 0 0 0 0 0 1 0 0 0 0 0 0 1 0 0 0 0 0 0 0 6.000000 1 0 1 0 11.000000 0 1 1 0 0 80.000000 0.000000 
1 1 0 56.750000 12.250000 1 0 0 0 1 0 1 0 0 0 0 0 0 1 0 0 0 0 0 0 0 1 0 0 0 0 0 0 0 0 1.250000 1 0 1 0 4.000000 1 0 1 0 0 200.000000 0.000000 
1 1 0 31.670000 16.165000 1 0 0 0 1 0 1 0 1 0 0 0 0 0 0 0 0 0 0 0 0 1 0 0 0 0 0 0 0 0 3.000000 1 0 1 0 9.000000 0 1 1 0 0 250.000000 730.000000 
1 0 1 23.420000 0.790000 0 1 0 0 0 1 0 0 0 0 0 0 0 0 0 1 0 0 0 0 0 1 0 0 0 0 0 0 0 0 1.500000 1 0 1 0 2.000000 1 0 1 0 0 80.000000 400.000000 
1 0 1 20.420000 0.835000 1 0 0 0 1 0 1 0 0 0 0 0 0 0 0 1 0 0 0 0 0 1 0 0 0 0 0 0 0 0 1.585000 1 0 1 0 1.000000 0 1 1 0 0 0.000000 0.000000 
1 1 0 26.670000 4.250000 1 0 0 0 1 0 1 0 0 1 0 0 0 0 0 0 0 0 0 0 0 1 0 0 0 0 0 0 0 0 4.290000 1 0 1 0 1.000000 1 0 1 0 0 120.000000 0.000000 
1 1 0 34.170000 1.540000 1 0 0 0 1 0 1 0 0 1 0 0 0 0 0 0 0 0 0 0 0 1 0 0 0 0 0 0 0 0 1.540000 1 0 1 0 1.000000 1 0 1 0 0 520.000000 50000.000000 
1 0 1 36.000000 1.000000 1 0 0 0 1 0 1 1 0 1 0 0 0 0 0 0 0 0 0 0 0 1 0 0 0 0 0 0 0 0 2.000000 1 0 1 0 11.000000 0 1 1 0 0 0.000000 456.000000 
1 1 0 25.500000 0.375000 1 0 0 0 1 0 1 0 0 0 0 0 0 1 0 0 0 0 0 0 0 1 0 0 0 0 0 0 0 0 0.250000 1 0 1 0 3.000000 0 1 1 0 0 260.000000 15108.000000 
1 1 0 19.420000 6.500000 1 0 0 0 1 0 1 0 0 0 0 0 0 0 0 0 1 0 0 0 0 0 1 0 0 0 0 0 0 0 1.460000 1 0 1 0 7.000000 0 1 1 0 0 80.000000 2954.000000 
1 1 0 35.170000 25.125000 1 0 0 0 1 0 1 0 0 0 0 0 0 0 0 0 0 1 0 0 0 0 1 0 0 0 0 0 0 0 1.625000 1 0 1 0 1.000000 1 0 1 0 0 515.000000 500.000000 
-1 1 0 32.330000 7.500000 1 0 0 0 1 0 1 0 0 0 0 0 0 0 0 0 0 0 1 0 0 0 0 1 0 0 0 0 0 0 1.585000 1 0 0 1 0.000000 1 0 0 0 1 420.000000 0.000000 
-1 0 1 38.580000 5.000000 1 0 0 0 1 0 1 0 0 1 0 0 0 0 0 0 0 0 0 0 0 1 0 0 0 0 0 0 0 0 13.500000 1 0 0 1 0.000000 1 0 1 0 0 980.000000 0.000000 
-1 1 0 44.250000 0.500000 1 0 0 0 1 0 1 0 0 0 0 0 0 1 0 0 0 0 0 0 0 1 0 0 0 0 0 0 0 0 10.750000 1 0 0 1 0.000000 0 1 0 0 1 400.000000 0.000000 
-1 1 0 44.830000 7.000000 0 1 0 0 0 1 0 1 0 1 0 0 0 0 0 0 0 0 0 0 0 1 0 0 0 0 0 0 0 0 1.625000 0 1 0 1 0.000000 0 1 1 0 0 160.000000 2.000000 
-1 1 0 20.670000 5.290000 1 0 0 0 1 0 1 0 0 0 0 0 0 0 0 1 0 0 0 0 0 1 0 0 0 0 0 0 0 0 0.375000 1 0 1 0 1.000000 0 1 1 0 0 160.000000 0.000000 
-1 1 0 34.080000 6.500000 1 0 0 0 1 0 1 0 0 0 0 0 0 0 0 0 0 0 0 1 0 1 0 0 0 0 0 0 0 0 0.125000 1 0 0 1 0.000000 1 0 1 0 0 443.000000 0.000000 
-1 0 1 19.170000 0.585000 0 1 0 0 0 1 0 0 0 0 0 0 0 0 0 0 0 0 0 1 0 1 0 0 0 0 0 0 0 0 0.585000 1 0 0 1 0.000000 1 0 1 0 0 160.000000 0.000000 
-1 1 0 21.670000 1.165000 0 1 0 0 0 1 0 0 0 0 0 0 1 0 0 0 0 0 0 0 0 1 0 0 0 0 0 0 0 0 2.500000 1 0 1 0 1.000000 0 1 1 0 0 180.000000 20.000000 
-1 1 0 21.500000 9.750000 1 0 0 0 1 0 1 1 0 1 0 0 0 0 0 0 0 0 0 0 0 1 0 0 0 0 0 0 0 0 0.250000 1 0 0 1 0.000000 0 1 1 0 0 140.000000 0.000000 
-1 1 0 49.580000 19.000000 1 0 0 0 1 0 1 0 0 0 0 0 0 0 0 0 0 0 0 0 1 0 0 0 0 0 0 0 1 0 0.000000 1 0 1 0 1.000000 0 1 1 0 0 94.000000 0.000000 
-1 0 1 27.670000 1.500000 1 0 0 0 1 0 1 0 0 0 0 0 0 1 0 0 0 0 0 0 0 1 0 0 0 0 0 0 0 0 2.000000 1 0 0 1 0.000000 0 1 0 0 1 368.000000 0.000000 
-1 1 0 39.830000 0.500000 1 0 0 0 1 0 1 0 0 0 0 0 0 1 0 0 0 0 0 0 0 1 0 0 0 0 0 0 0 0 0.250000 1 0 0 1 0.000000 0 1 0 0 1 288.000000 0.000000 
-1 1 0 27.250000 0.625000 1 0 0 0 1 0 1 0 0 0 0 0 0 0 0 0 0 0 0 1 0 1 0 0 0 0 0 0 0 0 0.455000 1 0 0 1 0.000000 1 0 1 0 0 200.000000 0.000000 
-1 1 0 37.170000 4.000000 1 0 0 0 1 0 1 1 0 1 0 0 0 0 0 0 0 0 0 0 0 0 0 1 0 0 0 0 0 0 5.000000 1 0 0 1 0.000000 1 0 0 0 1 280.000000 0.000000 
-1 1 0 25.670000 2.210000 0 1 0 0 0 1 0 0 0 0 0 0 0 0 0 0 0 0 0 1 0 1 0 0 0 0 0 0 0 0 4.000000 1 0 0 1 0.000000 0 1 1 0 0 188.000000 0.000000 
-1 1 0 34.000000 4.500000 1 0 0 0 1 0 1 0 0 0 0 0 0 0 0 0 0 0 0 1 0 1 0 0 0 0 0 0 0 0 1.000000 1 0 0 1 0.000000 1 0 1 0 0 240.000000 0.000000 
-1 0 1 49.000000 1.500000 1 0 0 0 1 0 1 0 0 0 0 1 0 0 0 0 0 0 0 0 0 0 0 0 1 0 0 0 0 0 0.000000 1 0 0 1 0.000000 1 0 1 0 0 100.000000 27.000000 
-1 1 0 62.500000 12.750000 0 1 0 0 0 1 0 1 0 1 0 0 0 0 0 0 0 0 0 0 0 0 1 0 0 0 0 0 0 0 5.000000 1 0 0 1 0.000000 0 1 1 0 0 112.000000 0.000000 
-1 1 0 31.420000 15.500000 1 0 0 0 1 0 1 1 0 1 0 0 0 0 0 0 0 0 0 0 0 1 0 0 0 0 0 0 0 0 0.500000 1 0 0 1 0.000000 0 1 1 0 0 120.000000 0.000000 
-1 1 0 52.330000 1.375000 0 1 0 0 0 1 0 1 0 1 0 0 0 0 0 0 0 0 0 0 0 0 1 0 0 0 0 0 0 0 9.460000 1 0 0 1 0.000000 1 0 1 0 0 200.000000 100.000000 
-1 1 0 28.750000 1.500000 0 1 0 0 0 1 0 1 0 1 0 0 0 0 0 0 0 0 0 0 0 1 0 0 0 0 0 0 0 0 1.500000 1 0 0 1 0.000000 1 0 1 0 0 0.000000 225.000000 
-1 0 1 28.580000 3.540000 1 0 0 0 1 0 1 0 0 0 1 0 0 0 0 0 0 0 0 0 0 0 0 1 0 0 0 0 0 0 0.500000 1 0 0 1 0.000000 1 0 1 0 0 171.000000 0.000000 
-1 1 0 23.000000 0.625000 0 1 0 0 0 1 0 0 0 0 0 0 0 0 0 0 0 0 0 1 0 1 0 0 0 0 0 0 0 0 0.125000 1 0 0 1 0.000000 0 1 1 0 0 180.000000 1.000000 
-1 0 1 22.500000 11.000000 0 1 0 0 0 1 0 0 0 0 0 0 0 0 0 1 0 0 0 0 0 1 0 0 0 0 0 0 0 0 3.000000 1 0 0 1 0.000000 1 0 1 0 0 268.000000 0.000000 
-1 0 1 28.500000 1.000000 1 0 0 0 1 0 1 0 0 0 0 0 0 0 0 1 0 0 0 0 0 1 0 0 0 0 0 0 0 0 1.000000 1 0 1 0 2.000000 1 0 1 0 0 167.000000 500.000000 
-1 1 0 37.500000 1.750000 0 1 0 0 0 1 0 1 0 1 0 0 0 0 0 0 0 0 0 0 0 0 0 1 0 0 0 0 0 0 0.250000 1 0 0 1 0.000000 1 0 1 0 0 164.000000 400.000000 
-1 1 0 35.250000 16.500000 0 1 0 0 0 1 0 1 0 1 0 0 0 0 0 0 0 0 0 0 0 1 0 0 0 0 0 0 0 0 4.000000 1 0 0 1 0.000000 0 1 1 0 0 80.000000 0.000000 
-1 1 0 18.670000 5.000000 1 0 0 0 1 0 1 0 0 0 0 0 0 0 0 1 0 0 0 0 0 1 0 0 0 0 0 0 0 0 0.375000 1 0 1 0 2.000000 0 1 1 0 0 0.000000 38.000000 
-1 1 0 25.000000 12.000000 1 0 0 0 1 0 1 0 0 0 0 0 1 0 0 0 0 0 0 0 0 1 0 0 0 0 0 0 0 0 2.250000 1 0 1 0 2.000000 1 0 1 0 0 120.000000 5.000000 
-1 1 0 27.830000 4.000000 0 1 0 0 0 1 0 0 0 0 1 0 0 0 0 0 0 0 0 0 0 0 1 0 0 0 0 0 0 0 5.750000 1 0 1 0 2.000000 1 0 1 0 0 75.000000 0.000000 
-1 1 0 54.830000 15.500000 1 0 0 0 1 0 1 0 0 0 0 0 0 0 0 0 0 0 1 0 0 0 0 0 0 0 1 0 0 0 0.000000 1 0 1 0 20.000000 0 1 1 0 0 152.000000 130.000000 
-1 1 0 28.750000 1.165000 1 0 0 0 1 0 1 0 0 0 0 0 1 0 0 0 0 0 0 0 0 1 0 0 0 0 0 0 0 0 0.500000 1 0 0 1 0.000000 0 1 0 0 1 280.000000 0.000000 
-1 0 1 25.000000 11.000000 0 1 0 0 0 1 0 0 0 0 0 0 0 0 0 0 0 0 0 1 0 1 0 0 0 0 0 0 0 0 4.500000 1 0 0 1 0.000000 0 1 1 0 0 120.000000 0.000000 
-1 1 0 40.920000 2.250000 0 1 0 0 0 1 0 0 0 0 0 0 0 0 0 0 0 1 0 0 0 0 1 0 0 0 0 0 0 0 10.000000 1 0 0 1 0.000000 1 0 1 0 0 176.000000 0.000000 
-1 0 1 19.750000 0.750000 1 0 0 0 1 0 1 1 0 1 0 0 0 0 0 0 0 0 0 0 0 1 0 0 0 0 0 0 0 0 0.795000 1 0 1 0 5.000000 1 0 1 0 0 140.000000 5.000000 
-1 1 0 29.170000 3.500000 1 0 0 0 1 0 1 0 0 0 0 0 0 0 0 0 1 0 0 0 0 1 0 0 0 0 0 0 0 0 3.500000 1 0 1 0 3.000000 1 0 1 0 0 329.000000 0.000000 
-1 0 1 24.500000 1.040000 0 1 0 0 0 1 0 0 0 0 0 0 0 0 0 0 0 0 0 0 1 0 0 0 0 0 0 0 1 0 0.500000 1 0 1 0 3.000000 0 1 1 0 0 180.000000 147.000000 
-1 1 0 24.580000 12.500000 1 0 0 0 1 0 1 0 0 0 0 0 0 0 0 0 1 0 0 0 0 1 0 0 0 0 0 0 0 0 0.875000 1 0 0 1 0.000000 1 0 1 0 0 260.000000 0.000000 
-1 0 1 33.750000 0.750000 1 0 0 0 1 0 1 0 0 0 0 0 1 0 0 0 0 0 0 0 0 0 0 1 0 0 0 0 0 0 1.000000 1 0 1 0 3.000000 1 0 1 0 0 212.000000 0.000000 
-1 1 0 20.670000 1.250000 0 1 0 0 0 1 0 1 0 1 0 0 0 0 0 0 0 0 0 0 0 0 1 0 0 0 0 0 0 0 1.375000 1 0 1 0 3.000000 1 0 1 0 0 140.000000 210.000000 
-1 0 1 25.420000 1.125000 1 0 0 0 1 0 1 0 0 0 0 0 0 0 0 1 0 0 0 0 0 1 0 0 0 0 0 0 0 0 1.290000 1 0 1 0 2.000000 0 1 1 0 0 200.000000 0.000000 
-1 1 0 37.750000 7.000000 1 0 0 0 1 0 1 0 0 0 0 0 0 0 0 1 0 0 0 0 0 0 1 0 0 0 0 0 0 0 11.500000 1 0 1 0 7.000000 1 0 1 0 0 300.000000 5.000000 
1 1 0 52.500000 6.500000 1 0 0 0 1 0 1 0 0 0 0 0 1 0 0 0 0 0 0 0 0 1 0 0 0 0 0 0 0 0 6.290000 1 0 1 0 15.000000 0 1 1 0 0 0.000000 11202.000000 
1 1 0 57.830000 7.040000 1 0 0 0 1 0 1 0 0 0 0 0 0 1 0 0 0 0 0 0 0 1 0 0 0 0 0 0 0 0 14.000000 1 0 1 0 6.000000 1 0 1 0 0 360.000000 1332.000000 
1 0 1 20.750000 10.335000 1 0 0 0 1 0 1 0 0 1 0 0 0 0 0 0 0 0 0 0 0 0 1 0 0 0 0 0 0 0 0.335000 1 0 1 0 1.000000 1 0 1 0 0 80.000000 50.000000 
1 1 0 39.920000 6.210000 1 0 0 0 1 0 1 0 0 0 0 0 0 0 0 1 0 0 0 0 0 1 0 0 0 0 0 0 0 0 0.040000 1 0 1 0 1.000000 0 1 1 0 0 200.000000 300.000000 
1 1 0 25.670000 12.500000 1 0 0 0 1 0 1 0 0 1 0 0 0 0 0 0 0 0 0 0 0 1 0 0 0 0 0 0 0 0 1.210000 1 0 1 0 67.000000 1 0 1 0 0 140.000000 258.000000 
1 0 1 24.750000 12.500000 1 0 0 0 1 0 1 0 0 0 0 0 0 0 0 0 0 0 0 1 0 1 0 0 0 0 0 0 0 0 1.500000 1 0 1 0 12.000000 1 0 1 0 0 120.000000 567.000000 
1 0 1 44.170000 6.665000 1 0 0 0 1 0 1 0 0 0 0 0 0 0 0 1 0 0 0 0 0 1 0 0 0 0 0 0 0 0 7.375000 1 0 1 0 3.000000 1 0 1 0 0 0.000000 0.000000 
1 0 1 23.500000 9.000000 1 0 0 0 1 0 1 0 0 0 0 0 0 0 0 1 0 0 0 0 0 1 0 0 0 0 0 0 0 0 8.500000 1 0 1 0 5.000000 1 0 1 0 0 120.000000 0.000000 
1 1 0 34.920000 5.000000 1 0 0 0 1 0 1 0 0 0 0 0 0 0 0 0 0 1 0 0 0 0 1 0 0 0 0 0 0 0 7.500000 1 0 1 0 6.000000 1 0 1 0 0 0.000000 1000.000000 
1 1 0 47.670000 2.500000 1 0 0 0 1 0 1 0 0 0 0 0 0 1 0 0 0 0 0 0 0 0 0 1 0 0 0 0 0 0 2.500000 1 0 1 0 12.000000 1 0 1 0 0 410.000000 2510.000000 
1 1 0 22.750000 11.000000 1 0 0 0 1 0 1 0 0 0 0 0 0 0 0 1 0 0 0 0 0 1 0 0 0 0 0 0 0 0 2.500000 1 0 1 0 7.000000 1 0 1 0 0 100.000000 809.000000 
1 1 0 34.420000 4.250000 1 0 0 0 1 0 1 0 0 0 1 0 0 0 0 0 0 0 0 0 0 0 0 1 0 0 0 0 0 0 3.250000 1 0 1 0 2.000000 0 1 1 0 0 274.000000 610.000000 
1 0 1 28.420000 3.500000 1 0 0 0 1 0 1 0 0 0 0 0 0 0 0 0 1 0 0 0 0 1 0 0 0 0 0 0 0 0 0.835000 1 0 0 1 0.000000 0 1 0 0 1 280.000000 0.000000 
1 1 0 67.750000 5.500000 1 0 0 0 1 0 1 0 0 0 0 0 0 0 0 0 0 0 1 0 0 0 0 0 0 0 1 0 0 0 13.000000 1 0 1 0 1.000000 1 0 1 0 0 0.000000 0.000000 
1 1 0 20.420000 1.835000 1 0 0 0 1 0 1 1 0 1 0 0 0 0 0 0 0 0 0 0 0 1 0 0 0 0 0 0 0 0 2.250000 1 0 1 0 1.000000 0 1 1 0 0 100.000000 150.000000 
1 0 1 47.420000 8.000000 1 0 0 0 1 0 1 0 0 0 0 0 0 0 0 0 0 0 1 0 0 0 0 1 0 0 0 0 0 0 6.500000 1 0 1 0 6.000000 0 1 1 0 0 375.000000 51100.000000 
1 1 0 36.250000 5.000000 1 0 0 0 1 0 1 1 0 1 0 0 0 0 0 0 0 0 0 0 0 0 0 1 0 0 0 0 0 0 2.500000 1 0 1 0 6.000000 0 1 1 0 0 0.000000 367.000000 
1 1 0 32.670000 5.500000 1 0 0 0 1 0 1 0 0 0 0 0 0 0 0 1 0 0 0 0 0 0 1 0 0 0 0 0 0 0 5.500000 1 0 1 0 12.000000 1 0 1 0 0 408.000000 1000.000000 
1 1 0 48.580000 6.500000 1 0 0 0 1 0 1 0 0 0 0 0 0 0 0 1 0 0 0 0 0 0 1 0 0 0 0 0 0 0 6.000000 1 0 0 1 0.000000 1 0 1 0 0 350.000000 0.000000 
1 1 0 39.920000 0.540000 0 1 0 0 0 1 0 0 0 0 0 0 0 0 0 0 0 0 0 1 0 1 0 0 0 0 0 0 0 0 0.500000 1 0 1 0 3.000000 0 1 1 0 0 200.000000 1000.000000 
1 1 0 33.580000 2.750000 1 0 0 0 1 0 1 0 0 0 0 0 0 1 0 0 0 0 0 0 0 1 0 0 0 0 0 0 0 0 4.250000 1 0 1 0 6.000000 0 1 1 0 0 204.000000 0.000000 
1 0 1 18.830000 9.500000 1 0 0 0 1 0 1 0 0 0 0 0 0 0 0 0 1 0 0 0 0 1 0 0 0 0 0 0 0 0 1.625000 1 0 1 0 6.000000 1 0 1 0 0 40.000000 600.000000 
1 0 1 26.920000 13.500000 1 0 0 0 1 0 1 0 0 0 0 0 0 0 0 1 0 0 0 0 0 0 1 0 0 0 0 0 0 0 5.000000 1 0 1 0 2.000000 0 1 1 0 0 0.000000 5000.000000 
1 0 1 31.250000 3.750000 1 0 0 0 1 0 1 0 0 1 0 0 0 0 0 0 0 0 0 0 0 0 1 0 0 0 0 0 0 0 0.625000 1 0 1 0 9.000000 1 0 1 0 0 181.000000 0.000000 
1 0 1 56.500000 16.000000 1 0 0 0 1 0 1 0 0 0 0 1 0 0 0 0 0 0 0 0 0 0 0 0 0 0 0 0 1 0 0.000000 1 0 1 0 15.000000 0 1 1 0 0 0.000000 247.000000 
1 1 0 43.000000 0.290000 0 1 0 0 0 1 0 0 0 1 0 0 0 0 0 0 0 0 0 0 0 0 1 0 0 0 0 0 0 0 1.750000 1 0 1 0 8.000000 0 1 1 0 0 100.000000 375.000000 
1 1 0 22.330000 11.000000 1 0 0 0 1 0 1 0 0 0 0 0 0 0 0 0 1 0 0 0 0 1 0 0 0 0 0 0 0 0 2.000000 1 0 1 0 1.000000 0 1 1 0 0 80.000000 278.000000 
1 1 0 27.250000 1.665000 1 0 0 0 1 0 1 0 0 1 0 0 0 0 0 0 0 0 0 0 0 0 1 0 0 0 0 0 0 0 5.085000 1 0 1 0 9.000000 0 1 1 0 0 399.000000 827.000000 
1 1 0 32.830000 2.500000 1 0 0 0 1 0 1 0 0 1 0 0 0 0 0 0 0 0 0 0 0 0 1 0 0 0 0 0 0 0 2.750000 1 0 1 0 6.000000 0 1 1 0 0 160.000000 2072.000000 
1 1 0 23.250000 1.500000 1 0 0 0 1 0 1 0 0 0 0 0 0 0 0 1 0 0 0 0 0 1 0 0 0 0 0 0 0 0 2.375000 1 0 1 0 3.000000 1 0 1 0 0 0.000000 582.000000 
1 0 1 40.330000 7.540000 0 1 0 0 0 1 0 0 0 0 0 0 0 0 0 1 0 0 0 0 0 0 1 0 0 0 0 0 0 0 8.000000 1 0 1 0 14.000000 0 1 1 0 0 0.000000 2300.000000 
1 0 1 30.500000 6.500000 1 0 0 0 1 0 1 1 0 1 0 0 0 0 0 0 0 0 0 0 0 0 0 1 0 0 0 0 0 0 4.000000 1 0 1 0 7.000000 1 0 1 0 0 0.000000 3065.000000 
1 0 1 52.830000 15.000000 1 0 0 0 1 0 1 1 0 1 0 0 0 0 0 0 0 0 0 0 0 1 0 0 0 0 0 0 0 0 5.500000 1 0 1 0 14.000000 0 1 1 0 0 0.000000 2200.000000 
1 0 1 46.670000 0.460000 1 0 0 0 1 0 1 0 0 1 0 0 0 0 0 0 0 0 0 0 0 0 1 0 0 0 0 0 0 0 0.415000 1 0 1 0 11.000000 1 0 1 0 0 440.000000 6.000000 
1 0 1 58.330000 10.000000 1 0 0 0 1 0 1 0 0 0 0 0 0 0 0 1 0 0 0 0 0 1 0 0 0 0 0 0 0 0 4.000000 1 0 1 0 14.000000 0 1 1 0 0 0.000000 1602.000000 
1 1 0 37.330000 6.500000 1 0 0 0 1 0 1 0 0 0 0 0 0 1 0 0 0 0 0 0 0 0 1 0 0 0 0 0 0 0 4.250000 1 0 1 0 12.000000 1 0 1 0 0 93.000000 0.000000 
1 1 0 23.080000 2.500000 1 0 0 0 1 0 1 1 0 1 0 0 0 0 0 0 0 0 0 0 0 1 0 0 0 0 0 0 0 0 1.085000 1 0 1 0 11.000000 1 0 1 0 0 60.000000 2184.000000 
1 1 0 32.750000 1.500000 1 0 0 0 1 0 1 0 0 1 0 0 0 0 0 0 0 0 0 0 0 0 1 0 0 0 0 0 0 0 5.500000 1 0 1 0 3.000000 1 0 1 0 0 0.000000 0.000000 
1 0 1 21.670000 11.500000 0 1 0 0 0 1 0 0 0 0 0 1 0 0 0 0 0 0 0 0 0 0 0 0 1 0 0 0 0 0 0.000000 1 0 1 0 11.000000 1 0 1 0 0 0.000000 0.000000 
1 0 1 28.500000 3.040000 0 1 0 0 0 1 0 0 0 0 0 0 0 0 0 0 0 1 0 0 0 0 1 0 0 0 0 0 0 0 2.540000 1 0 1 0 1.000000 0 1 1 0 0 70.000000 0.000000 
1 0 1 68.670000 15.000000 1 0 0 0 1 0 1 0 0 0 0 0 0 0 0 0 0 0 1 0 0 0 0 0 0 0 1 0 0 0 0.000000 1 0 1 0 14.000000 0 1 1 0 0 0.000000 3376.000000 
1 1 0 28.000000 2.000000 1 0 0 0 1 0 1 0 0 0 0 0 1 0 0 0 0 0 0 0 0 0 1 0 0 0 0 0 0 0 4.165000 1 0 1 0 2.000000 1 0 1 0 0 181.000000 0.000000 
1 1 0 34.080000 0.080000 0 1 0 0 0 1 0 0 0 0 0 0 0 1 0 0 0 0 0 0 0 0 0 1 0 0 0 0 0 0 0.040000 1 0 1 0 1.000000 1 0 1 0 0 280.000000 2000.000000 
1 1 0 27.670000 2.000000 1 0 0 0 1 0 1 0 0 0 0 0 0 0 0 0 0 1 0 0 0 0 1 0 0 0 0 0 0 0 1.000000 1 0 1 0 4.000000 0 1 1 0 0 140.000000 7544.000000 
1 1 0 44.000000 2.000000 1 0 0 0 1 0 1 0 0 0 0 0 0 1 0 0 0 0 0 0 0 1 0 0 0 0 0 0 0 0 1.750000 1 0 1 0 2.000000 1 0 1 0 0 0.000000 15.000000 
1 1 0 25.080000 1.710000 1 0 0 0 1 0 1 0 0 0 0 0 0 0 0 0 0 1 0 0 0 1 0 0 0 0 0 0 0 0 1.665000 1 0 1 0 1.000000 1 0 1 0 0 395.000000 20.000000 
1 1 0 32.000000 1.750000 0 1 0 0 0 1 0 0 0 0 0 0 0 0 0 0 0 0 1 0 0 0 1 0 0 0 0 0 0 0 0.040000 1 0 0 1 0.000000 1 0 1 0 0 393.000000 0.000000 
1 0 1 60.580000 16.500000 1 0 0 0 1 0 1 0 0 0 0 0 0 0 0 1 0 0 0 0 0 1 0 0 0 0 0 0 0 0 11.000000 1 0 0 1 0.000000 1 0 1 0 0 21.000000 10561.000000 
1 0 1 40.830000 10.000000 1 0 0 0 1 0 1 0 0 0 0 0 0 0 0 1 0 0 0 0 0 0 1 0 0 0 0 0 0 0 1.750000 1 0 0 1 0.000000 0 1 1 0 0 29.000000 837.000000 
1 1 0 19.330000 9.500000 1 0 0 0 1 0 1 0 0 0 0 0 0 0 0 1 0 0 0 0 0 1 0 0 0 0 0 0 0 0 1.000000 1 0 0 1 0.000000 1 0 1 0 0 60.000000 400.000000 
1 0 1 32.330000 0.540000 1 0 0 0 1 0 1 0 0 1 0 0 0 0 0 0 0 0 0 0 0 1 0 0 0 0 0 0 0 0 0.040000 1 0 0 1 0.000000 0 1 1 0 0 440.000000 11177.000000 
1 1 0 36.670000 3.250000 1 0 0 0 1 0 1 0 0 0 0 0 0 0 0 1 0 0 0 0 0 0 1 0 0 0 0 0 0 0 9.000000 1 0 0 1 0.000000 1 0 1 0 0 102.000000 639.000000 
1 1 0 37.500000 1.125000 0 1 0 0 0 1 0 0 1 0 0 0 0 0 0 0 0 0 0 0 0 1 0 0 0 0 0 0 0 0 1.500000 0 1 0 1 0.000000 1 0 1 0 0 431.000000 0.000000 
1 0 1 25.080000 2.540000 0 1 0 0 0 1 0 0 0 0 0 0 0 0 0 0 0 0 0 1 0 1 0 0 0 0 0 0 0 0 0.250000 1 0 0 1 0.000000 1 0 1 0 0 370.000000 0.000000 
1 1 0 41.330000 0.000000 1 0 0 0 1 0 1 1 0 1 0 0 0 0 0 0 0 0 0 0 0 0 0 1 0 0 0 0 0 0 15.000000 1 0 0 1 0.000000 0 1 1 0 0 0.000000 0.000000 
1 1 0 56.000000 12.500000 1 0 0 0 1 0 1 0 0 0 0 0 1 0 0 0 0 0 0 0 0 0 1 0 0 0 0 0 0 0 8.000000 1 0 0 1 0.000000 1 0 1 0 0 24.000000 2028.000000 
1 0 1 49.830000 13.585000 1 0 0 0 1 0 1 0 0 0 0 0 1 0 0 0 0 0 0 0 0 0 1 0 0 0 0 0 0 0 8.500000 1 0 0 1 0.000000 1 0 1 0 0 0.000000 0.000000 
1 1 0 22.670000 10.500000 1 0 0 0 1 0 1 0 0 0 0 0 0 0 0 1 0 0 0 0 0 0 1 0 0 0 0 0 0 0 1.335000 1 0 0 1 0.000000 0 1 1 0 0 100.000000 0.000000 
1 1 0 27.000000 1.500000 0 1 0 0 0 1 0 0 0 0 0 0 0 0 0 0 1 0 0 0 0 1 0 0 0 0 0 0 0 0 0.375000 1 0 0 1 0.000000 1 0 1 0 0 260.000000 1065.000000 
1 1 0 25.000000 12.500000 1 0 0 0 1 0 1 0 0 0 0 0 0 0 0 0 0 0 0 1 0 1 0 0 0 0 0 0 0 0 3.000000 1 0 0 1 0.000000 1 0 0 0 1 20.000000 0.000000 
1 0 1 26.080000 8.665000 1 0 0 0 1 0 1 0 0 0 0 0 0 0 0 0 0 0 0 1 0 1 0 0 0 0 0 0 0 0 1.415000 1 0 0 1 0.000000 0 1 1 0 0 160.000000 150.000000 
1 0 1 18.420000 9.250000 1 0 0 0 1 0 1 0 0 0 0 0 0 0 0 1 0 0 0 0 0 1 0 0 0 0 0 0 0 0 1.210000 1 0 1 0 4.000000 0 1 1 0 0 60.000000 540.000000 
1 1 0 20.170000 8.170000 1 0 0 0 1 0 1 0 0 0 0 0 0 0 0 0 0 0 0 1 0 1 0 0 0 0 0 0 0 0 1.960000 1 0 1 0 14.000000 0 1 1 0 0 60.000000 158.000000 
1 1 0 47.670000 0.290000 1 0 0 0 1 0 1 1 0 1 0 0 0 0 0 0 0 0 0 0 0 0 0 1 0 0 0 0 0 0 15.000000 1 0 1 0 20.000000 0 1 1 0 0 0.000000 15000.000000 
1 0 1 21.250000 2.335000 1 0 0 0 1 0 1 0 0 0 1 0 0 0 0 0 0 0 0 0 0 0 0 1 0 0 0 0 0 0 0.500000 1 0 1 0 4.000000 0 1 0 0 1 80.000000 0.000000 
1 0 1 20.670000 3.000000 1 0 0 0 1 0 1 0 0 0 0 0 0 0 0 1 0 0 0 0 0 1 0 0 0 0 0 0 0 0 0.165000 1 0 1 0 3.000000 0 1 1 0 0 100.000000 6.000000 
1 0 1 57.080000 19.500000 1 0 0 0 1 0 1 1 0 1 0 0 0 0 0 0 0 0 0 0 0 1 0 0 0 0 0 0 0 0 5.500000 1 0 1 0 7.000000 0 1 1 0 0 0.000000 3000.000000 
1 0 1 22.420000 5.665000 1 0 0 0 1 0 1 0 0 0 0 0 0 0 0 1 0 0 0 0 0 1 0 0 0 0 0 0 0 0 2.585000 1 0 1 0 7.000000 0 1 1 0 0 129.000000 3257.000000 
1 1 0 48.750000 8.500000 1 0 0 0 1 0 1 1 0 1 0 0 0 0 0 0 0 0 0 0 0 0 1 0 0 0 0 0 0 0 12.500000 1 0 1 0 9.000000 0 1 1 0 0 181.000000 1655.000000 
1 1 0 40.000000 6.500000 1 0 0 0 1 0 1 0 0 0 0 0 0 0 0 0 0 0 0 1 0 0 0 1 0 0 0 0 0 0 3.500000 1 0 1 0 1.000000 0 1 1 0 0 0.000000 500.000000 
1 1 0 40.580000 5.000000 1 0 0 0 1 0 1 1 0 1 0 0 0 0 0 0 0 0 0 0 0 1 0 0 0 0 0 0 0 0 5.000000 1 0 1 0 7.000000 0 1 1 0 0 0.000000 3065.000000 
1 0 1 28.670000 1.040000 1 0 0 0 1 0 1 1 0 1 0 0 0 0 0 0 0 0 0 0 0 1 0 0 0 0 0 0 0 0 2.500000 1 0 1 0 5.000000 1 0 1 0 0 300.000000 1430.000000 
1 0 1 33.080000 4.625000 1 0 0 0 1 0 1 0 0 0 0 0 0 0 0 1 0 0 0 0 0 0 1 0 0 0 0 0 0 0 1.625000 1 0 1 0 2.000000 0 1 1 0 0 0.000000 0.000000 
1 1 0 21.330000 10.500000 1 0 0 0 1 0 1 1 0 1 0 0 0 0 0 0 0 0 0 0 0 1 0 0 0 0 0 0 0 0 3.000000 1 0 0 1 0.000000 1 0 1 0 0 0.000000 0.000000 
1 1 0 42.000000 0.205000 1 0 0 0 1 0 1 0 0 0 1 0 0 0 0 0 0 0 0 0 0 0 1 0 0 0 0 0 0 0 5.125000 1 0 0 1 0.000000 0 1 1 0 0 400.000000 0.000000 
1 1 0 41.750000 0.960000 1 0 0 0 1 0 1 0 0 0 0 0 0 0 0 0 0 1 0 0 0 1 0 0 0 0 0 0 0 0 2.500000 1 0 0 1 0.000000 0 1 1 0 0 510.000000 600.000000 
1 1 0 22.670000 1.585000 0 1 0 0 0 1 0 0 0 0 0 0 0 0 0 0 1 0 0 0 0 1 0 0 0 0 0 0 0 0 3.085000 1 0 1 0 6.000000 0 1 1 0 0 80.000000 0.000000 
1 1 0 34.500000 4.040000 0 1 0 0 0 1 0 0 0 0 1 0 0 0 0 0 0 0 0 0 0 0 0 1 0 0 0 0 0 0 8.500000 1 0 1 0 7.000000 1 0 1 0 0 195.000000 0.000000 
1 1 0 28.250000 5.040000 0 1 0 0 0 1 0 1 0 1 0 0 0 0 0 0 0 0 0 0 0 0 0 1 0 0 0 0 0 0 1.500000 1 0 1 0 8.000000 1 0 1 0 0 144.000000 7.000000 
1 1 0 33.170000 3.165000 0 1 0 0 0 1 0 0 0 0 0 0 0 0 0 0 0 1 0 0 0 1 0 0 0 0 0 0 0 0 3.165000 1 0 1 0 3.000000 1 0 1 0 0 380.000000 0.000000 
1 1 0 48.170000 7.625000 1 0 0 0 1 0 1 0 0 0 0 0 0 0 0 0 1 0 0 0 0 0 1 0 0 0 0 0 0 0 15.500000 1 0 1 0 12.000000 0 1 1 0 0 0.000000 790.000000 
1 1 0 27.580000 2.040000 0 1 0 0 0 1 0 0 0 0 0 0 0 0 0 0 0 0 0 1 0 1 0 0 0 0 0 0 0 0 2.000000 1 0 1 0 3.000000 1 0 1 0 0 370.000000 560.000000 
1 1 0 22.580000 10.040000 1 0 0 0 1 0 1 0 0 0 0 0 0 0 0 0 0 1 0 0 0 1 0 0 0 0 0 0 0 0 0.040000 1 0 1 0 9.000000 0 1 1 0 0 60.000000 396.000000 
1 0 1 24.080000 0.500000 1 0 0 0 1 0 1 0 0 0 0 0 0 0 0 1 0 0 0 0 0 0 1 0 0 0 0 0 0 0 1.250000 1 0 1 0 1.000000 0 1 1 0 0 0.000000 678.000000 
1 0 1 41.330000 1.000000 1 0 0 0 1 0 1 0 0 0 1 0 0 0 0 0 0 0 0 0 0 0 0 1 0 0 0 0 0 0 2.250000 1 0 0 1 0.000000 1 0 1 0 0 0.000000 300.000000 
1 0 1 20.750000 10.250000 1 0 0 0 1 0 1 0 0 0 0 0 0 0 0 1 0 0 0 0 0 1 0 0 0 0 0 0 0 0 0.710000 1 0 1 0 2.000000 1 0 1 0 0 49.000000 0.000000 
1 1 0 36.330000 2.125000 0 1 0 0 0 1 0 0 0 0 0 0 0 0 0 0 1 0 0 0 0 1 0 0 0 0 0 0 0 0 0.085000 1 0 1 0 1.000000 0 1 1 0 0 50.000000 1187.000000 
1 0 1 35.420000 12.000000 1 0 0 0 1 0 1 0 0 0 0 0 0 0 0 1 0 0 0 0 0 0 1 0 0 0 0 0 0 0 14.000000 1 0 1 0 8.000000 0 1 1 0 0 0.000000 6590.000000 
1 1 0 28.670000 9.335000 1 0 0 0 1 0 1 0 0 0 0 0 0 0 0 1 0 0 0 0 0 0 1 0 0 0 0 0 0 0 5.665000 1 0 1 0 6.000000 0 1 1 0 0 381.000000 168.000000 
1 1 0 35.170000 2.500000 1 0 0 0 1 0 1 0 0 0 0 0 1 0 0 0 0 0 0 0 0 1 0 0 0 0 0 0 0 0 4.500000 1 0 1 0 7.000000 0 1 1 0 0 150.000000 1270.000000 
1 1 0 39.500000 4.250000 1 0 0 0 1 0 1 1 0 1 0 0 0 0 0 0 0 0 0 0 0 0 0 1 0 0 0 0 0 0 6.500000 1 0 1 0 16.000000 0 1 1 0 0 117.000000 1210.000000 
1 1 0 39.330000 5.875000 1 0 0 0 1 0 1 0 0 1 0 0 0 0 0 0 0 0 0 0 0 0 1 0 0 0 0 0 0 0 10.000000 1 0 1 0 14.000000 1 0 1 0 0 399.000000 0.000000 
1 1 0 24.330000 6.625000 0 1 0 0 0 1 0 0 1 0 0 0 0 0 0 0 0 0 0 0 0 1 0 0 0 0 0 0 0 0 5.500000 1 0 0 1 0.000000 1 0 0 0 1 100.000000 0.000000 
1 1 0 60.080000 14.500000 1 0 0 0 1 0 1 0 0 0 0 0 0 0 0 0 0 0 0 0 1 0 0 0 0 0 0 0 1 0 18.000000 1 0 1 0 15.000000 1 0 1 0 0 0.000000 1000.000000 
1 1 0 23.080000 11.500000 1 0 0 0 1 0 1 0 0 0 1 0 0 0 0 0 0 0 0 0 0 1 0 0 0 0 0 0 0 0 3.500000 1 0 1 0 9.000000 0 1 1 0 0 56.000000 742.000000 
1 1 0 26.670000 2.710000 0 1 0 0 0 1 0 0 0 1 0 0 0 0 0 0 0 0 0 0 0 1 0 0 0 0 0 0 0 0 5.250000 1 0 1 0 1.000000 0 1 1 0 0 211.000000 0.000000 
1 1 0 48.170000 3.500000 1 0 0 0 1 0 1 0 0 0 0 0 0 0 0 0 0 0 0 1 0 1 0 0 0 0 0 0 0 0 3.500000 1 0 0 1 0.000000 0 1 0 0 1 230.000000 0.000000 
1 1 0 41.170000 4.040000 1 0 0 0 1 0 1 0 0 1 0 0 0 0 0 0 0 0 0 0 0 0 1 0 0 0 0 0 0 0 7.000000 1 0 1 0 8.000000 0 1 1 0 0 320.000000 0.000000 
1 1 0 55.920000 11.500000 1 0 0 0 1 0 1 0 0 0 0 0 0 0 0 0 0 0 0 0 1 0 0 0 0 0 0 0 1 0 5.000000 1 0 1 0 5.000000 0 1 1 0 0 0.000000 8851.000000 
1 1 0 53.920000 9.625000 1 0 0 0 1 0 1 0 0 0 0 0 0 0 0 0 0 0 1 0 0 1 0 0 0 0 0 0 0 0 8.665000 1 0 1 0 5.000000 0 1 1 0 0 0.000000 0.000000 
1 0 1 18.920000 9.250000 0 1 0 0 0 1 0 1 0 1 0 0 0 0 0 0 0 0 0 0 0 1 0 0 0 0 0 0 0 0 1.000000 1 0 1 0 4.000000 1 0 1 0 0 80.000000 500.000000 
1 0 1 50.080000 12.540000 1 0 0 0 1 0 1 0 0 0 0 0 0 0 0 0 0 0 0 1 0 1 0 0 0 0 0 0 0 0 2.290000 1 0 1 0 3.000000 1 0 1 0 0 156.000000 0.000000 
1 1 0 65.420000 11.000000 1 0 0 0 1 0 1 0 0 0 0 0 0 0 0 0 0 0 1 0 0 0 0 0 0 0 1 0 0 0 20.000000 1 0 1 0 7.000000 1 0 1 0 0 22.000000 0.000000 
1 0 1 17.580000 9.000000 1 0 0 0 1 0 1 0 0 0 0 0 0 0 0 0 0 0 0 1 0 1 0 0 0 0 0 0 0 0 1.375000 1 0 0 1 0.000000 1 0 1 0 0 0.000000 0.000000 
1 0 1 18.830000 9.540000 1 0 0 0 1 0 1 0 0 0 0 0 0 0 0 0 0 0 0 1 0 1 0 0 0 0 0 0 0 0 0.085000 1 0 0 1 0.000000 0 1 1 0 0 100.000000 0.000000 
1 0 1 37.750000 5.500000 1 0 0 0 1 0 1 0 0 0 0 0 0 0 0 1 0 0 0 0 0 1 0 0 0 0 0 0 0 0 0.125000 1 0 0 1 0.000000 1 0 1 0 0 228.000000 0.000000 
1 1 0 23.250000 4.000000 1 0 0 0 1 0 1 1 0 1 0 0 0 0 0 0 0 0 0 0 0 0 0 1 0 0 0 0 0 0 0.250000 1 0 0 1 0.000000 1 0 1 0 0 160.000000 0.000000 
1 1 0 18.080000 5.500000 1 0 0 0 1 0 1 0 0 0 0 0 1 0 0 0 0 0 0 0 0 1 0 0 0 0 0 0 0 0 0.500000 1 0 0 1 0.000000 0 1 1 0 0 80.000000 0.000000 
1 0 1 22.500000 8.460000 0 1 0 0 0 1 0 0 0 0 0 0 0 0 0 0 0 1 0 0 0 1 0 0 0 0 0 0 0 0 2.460000 0 1 0 1 0.000000 0 1 1 0 0 164.000000 0.000000 
1 1 0 19.670000 0.375000 1 0 0 0 1 0 1 0 0 0 0 0 0 0 0 1 0 0 0 0 0 1 0 0 0 0 0 0 0 0 2.000000 1 0 1 0 2.000000 1 0 1 0 0 80.000000 0.000000 
1 1 0 22.080000 11.000000 1 0 0 0 1 0 1 0 0 1 0 0 0 0 0 0 0 0 0 0 0 1 0 0 0 0 0 0 0 0 0.665000 1 0 0 1 0.000000 0 1 1 0 0 100.000000 0.000000 
1 1 0 25.170000 3.500000 1 0 0 0 1 0 1 0 0 1 0 0 0 0 0 0 0 0 0 0 0 1 0 0 0 0 0 0 0 0 0.625000 1 0 1 0 7.000000 0 1 1 0 0 0.000000 7059.000000 
1 0 1 47.420000 3.000000 1 0 0 0 1 0 1 0 0 0 0 0 0 0 0 0 0 1 0 0 0 1 0 0 0 0 0 0 0 0 13.875000 1 0 1 0 2.000000 1 0 1 0 0 519.000000 1704.000000 
1 1 0 33.500000 1.750000 1 0 0 0 1 0 1 0 0 0 0 0 0 0 0 0 0 1 0 0 0 0 1 0 0 0 0 0 0 0 4.500000 1 0 1 0 4.000000 1 0 1 0 0 253.000000 857.000000 
1 1 0 27.670000 13.750000 1 0 0 0 1 0 1 0 0 0 0 0 0 0 0 0 1 0 0 0 0 1 0 0 0 0 0 0 0 0 5.750000 1 0 0 1 0.000000 1 0 1 0 0 487.000000 500.000000 
1 0 1 58.420000 21.000000 1 0 0 0 1 0 1 0 0 0 1 0 0 0 0 0 0 0 0 0 0 0 0 1 0 0 0 0 0 0 10.000000 1 0 1 0 13.000000 0 1 1 0 0 0.000000 6700.000000 
1 0 1 20.670000 1.835000 1 0 0 0 1 0 1 0 0 0 0 0 0 0 0 1 0 0 0 0 0 1 0 0 0 0 0 0 0 0 2.085000 1 0 1 0 5.000000 0 1 1 0 0 220.000000 2503.000000 
1 1 0 26.170000 0.250000 1 0 0 0 1 0 1 0 0 0 1 0 0 0 0 0 0 0 0 0 0 0 0 1 0 0 0 0 0 0 0.000000 1 0 0 1 0.000000 1 0 1 0 0 0.000000 0.000000 
1 1 0 21.330000 7.500000 1 0 0 0 1 0 1 0 0 0 0 0 0 0 0 0 0 0 0 1 0 1 0 0 0 0 0 0 0 0 1.415000 1 0 1 0 1.000000 0 1 1 0 0 80.000000 9800.000000 
1 1 0 42.830000 4.625000 1 0 0 0 1 0 1 0 0 0 0 0 0 0 0 1 0 0 0 0 0 1 0 0 0 0 0 0 0 0 4.580000 1 0 0 1 0.000000 0 1 0 0 1 0.000000 0.000000 
1 1 0 38.170000 10.125000 1 0 0 0 1 0 1 0 0 0 0 0 0 0 0 0 0 1 0 0 0 1 0 0 0 0 0 0 0 0 2.500000 1 0 1 0 6.000000 0 1 1 0 0 520.000000 196.000000 
1 1 0 20.500000 10.000000 0 1 0 0 0 1 0 1 0 1 0 0 0 0 0 0 0 0 0 0 0 1 0 0 0 0 0 0 0 0 2.500000 1 0 0 1 0.000000 0 1 0 0 1 40.000000 0.000000 
1 1 0 48.250000 25.085000 1 0 0 0 1 0 1 0 0 0 0 0 0 0 0 0 1 0 0 0 0 1 0 0 0 0 0 0 0 0 1.750000 1 0 1 0 3.000000 0 1 1 0 0 120.000000 14.000000 
1 1 0 28.330000 5.000000 1 0 0 0 1 0 1 0 0 0 0 0 0 0 0 0 1 0 0 0 0 1 0 0 0 0 0 0 0 0 11.000000 1 0 0 1 0.000000 1 0 1 0 0 70.000000 0.000000 
1 1 0 18.500000 2.000000 1 0 0 0 1 0 1 0 0 0 1 0 0 0 0 0 0 0 0 0 0 1 0 0 0 0 0 0 0 0 1.500000 1 0 1 0 2.000000 0 1 1 0 0 120.000000 300.000000 
1 1 0 33.170000 3.040000 0 1 0 0 0 1 0 1 0 1 0 0 0 0 0 0 0 0 0 0 0 0 1 0 0 0 0 0 0 0 2.040000 1 0 1 0 1.000000 1 0 1 0 0 180.000000 18027.000000 
1 1 0 45.000000 8.500000 1 0 0 0 1 0 1 0 0 1 0 0 0 0 0 0 0 0 0 0 0 0 1 0 0 0 0 0 0 0 14.000000 1 0 1 0 1.000000 1 0 1 0 0 88.000000 2000.000000 
1 0 1 19.670000 0.210000 1 0 0 0 1 0 1 0 0 0 0 0 0 0 0 1 0 0 0 0 0 0 1 0 0 0 0 0 0 0 0.290000 1 0 1 0 11.000000 0 1 1 0 0 80.000000 99.000000 
1 1 0 21.830000 11.000000 1 0 0 0 1 0 1 0 0 0 0 0 0 0 0 0 0 1 0 0 0 1 0 0 0 0 0 0 0 0 0.290000 1 0 1 0 6.000000 0 1 1 0 0 121.000000 0.000000 
1 1 0 40.250000 21.500000 1 0 0 0 1 0 1 0 0 0 0 0 0 0 0 0 0 0 1 0 0 0 0 0 0 0 1 0 0 0 20.000000 1 0 1 0 11.000000 0 1 1 0 0 0.000000 1200.000000 
1 1 0 41.420000 5.000000 1 0 0 0 1 0 1 0 0 0 0 0 0 0 0 1 0 0 0 0 0 0 1 0 0 0 0 0 0 0 5.000000 1 0 1 0 6.000000 1 0 1 0 0 470.000000 0.000000 
1 0 1 17.830000 11.000000 1 0 0 0 1 0 1 0 0 0 0 0 0 0 0 0 0 1 0 0 0 0 1 0 0 0 0 0 0 0 1.000000 1 0 1 0 11.000000 0 1 1 0 0 0.000000 3000.000000 
1 1 0 23.170000 11.125000 1 0 0 0 1 0 1 0 0 0 0 0 0 0 0 0 0 1 0 0 0 0 1 0 0 0 0 0 0 0 0.460000 1 0 1 0 1.000000 0 1 1 0 0 100.000000 0.000000 
-1 1 0 18.170000 10.250000 1 0 0 0 1 0 1 1 0 1 0 0 0 0 0 0 0 0 0 0 0 0 1 0 0 0 0 0 0 0 1.085000 0 1 0 1 0.000000 0 1 1 0 0 320.000000 13.000000 
-1 1 0 20.000000 11.045000 1 0 0 0 1 0 1 1 0 1 0 0 0 0 0 0 0 0 0 0 0 1 0 0 0 0 0 0 0 0 2.000000 0 1 0 1 0.000000 1 0 1 0 0 136.000000 0.000000 
-1 1 0 20.000000 0.000000 1 0 0 0 1 0 1 0 1 0 0 0 0 0 0 0 0 0 0 0 0 1 0 0 0 0 0 0 0 0 0.500000 0 1 0 1 0.000000 0 1 1 0 0 144.000000 0.000000 
-1 0 1 20.750000 9.540000 1 0 0 0 1 0 1 0 0 0 1 0 0 0 0 0 0 0 0 0 0 1 0 0 0 0 0 0 0 0 0.040000 0 1 0 1 0.000000 0 1 1 0 0 200.000000 1000.000000 
-1 0 1 24.500000 1.750000 0 1 0 0 0 1 0 1 0 1 0 0 0 0 0 0 0 0 0 0 0 1 0 0 0 0 0 0 0 0 0.165000 0 1 0 1 0.000000 0 1 1 0 0 132.000000 0.000000 
-1 1 0 32.750000 2.335000 1 0 0 0 1 0 1 0 1 0 0 0 0 0 0 0 0 0 0 0 0 0 1 0 0 0 0 0 0 0 5.750000 0 1 0 1 0.000000 1 0 1 0 0 292.000000 0.000000 
-1 0 1 52.170000 0.000000 0 1 0 0 0 1 0 0 0 0 0 0 0 0 0 0 0 0 0 0 1 0 0 0 0 0 0 0 1 0 0.000000 0 1 0 1 0.000000 0 1 1 0 0 0.000000 0.000000 
-1 0 1 48.170000 1.335000 1 0 0 0 1 0 1 0 0 0 1 0 0 0 0 0 0 0 0 0 0 0 0 0 0 0 0 0 0 1 0.335000 0 1 0 1 0.000000 0 1 1 0 0 0.000000 120.000000 
-1 0 1 20.420000 10.500000 0 1 0 0 0 1 0 0 0 0 0 0 0 0 0 0 0 1 0 0 0 0 1 0 0 0 0 0 0 0 0.000000 0 1 0 1 0.000000 1 0 1 0 0 154.000000 32.000000 
-1 1 0 50.750000 0.585000 1 0 0 0 1 0 1 0 0 0 0 0 0 0 0 0 0 0 0 0 1 0 0 0 0 0 0 0 1 0 0.000000 0 1 0 1 0.000000 0 1 1 0 0 145.000000 0.000000 
-1 1 0 17.080000 0.085000 0 1 0 0 0 1 0 1 0 1 0 0 0 0 0 0 0 0 0 0 0 1 0 0 0 0 0 0 0 0 0.040000 0 1 0 1 0.000000 0 1 1 0 0 140.000000 722.000000 
-1 1 0 18.330000 1.210000 0 1 0 0 0 1 0 0 0 0 0 0 0 0 0 0 0 0 1 0 0 0 0 0 0 0 0 1 0 0 0.000000 0 1 0 1 0.000000 0 1 1 0 0 100.000000 0.000000 
-1 0 1 32.000000 6.000000 1 0 0 0 1 0 1 0 1 0 0 0 0 0 0 0 0 0 0 0 0 1 0 0 0 0 0 0 0 0 1.250000 0 1 0 1 0.000000 0 1 1 0 0 272.000000 0.000000 
1 1 0 59.670000 1.540000 1 0 0 0 1 0 1 0 0 0 0 0 0 0 0 1 0 0 0 0 0 1 0 0 0 0 0 0 0 0 0.125000 1 0 0 1 0.000000 1 0 1 0 0 260.000000 0.000000 
1 1 0 18.000000 0.165000 1 0 0 0 1 0 1 0 0 0 0 0 0 0 0 1 0 0 0 0 0 0 0 0 0 1 0 0 0 0 0.210000 0 1 0 1 0.000000 0 1 1 0 0 200.000000 40.000000 
-1 1 0 32.330000 2.500000 1 0 0 0 1 0 1 1 0 1 0 0 0 0 0 0 0 0 0 0 0 1 0 0 0 0 0 0 0 0 1.250000 0 1 0 1 0.000000 1 0 1 0 0 280.000000 0.000000 
-1 1 0 18.080000 6.750000 0 1 0 0 0 1 0 0 0 0 0 0 0 1 0 0 0 0 0 0 0 1 0 0 0 0 0 0 0 0 0.040000 0 1 0 1 0.000000 0 1 1 0 0 140.000000 0.000000 
-1 1 0 38.250000 10.125000 0 1 0 0 0 1 0 0 0 0 0 0 1 0 0 0 0 0 0 0 0 1 0 0 0 0 0 0 0 0 0.125000 0 1 0 1 0.000000 0 1 1 0 0 160.000000 0.000000 
-1 1 0 30.670000 2.500000 1 0 0 0 1 0 1 0 0 1 0 0 0 0 0 0 0 0 0 0 0 0 1 0 0 0 0 0 0 0 2.250000 0 1 0 1 0.000000 1 0 0 0 1 340.000000 0.000000 
-1 1 0 18.580000 5.710000 1 0 0 0 1 0 1 0 1 0 0 0 0 0 0 0 0 0 0 0 0 1 0 0 0 0 0 0 0 0 0.540000 0 1 0 1 0.000000 0 1 1 0 0 120.000000 0.000000 
-1 0 1 19.170000 5.415000 1 0 0 0 1 0 1 0 0 0 1 0 0 0 0 0 0 0 0 0 0 0 1 0 0 0 0 0 0 0 0.290000 0 1 0 1 0.000000 0 1 1 0 0 80.000000 484.000000 
-1 0 1 18.170000 10.000000 0 1 0 0 0 1 0 0 0 0 0 0 0 0 0 1 0 0 0 0 0 0 1 0 0 0 0 0 0 0 0.165000 0 1 0 1 0.000000 0 1 1 0 0 340.000000 0.000000 
-1 1 0 16.250000 0.835000 1 0 0 0 1 0 1 0 0 0 0 0 0 1 0 0 0 0 0 0 0 1 0 0 0 0 0 0 0 0 0.085000 1 0 0 1 0.000000 0 1 0 0 1 200.000000 0.000000 
-1 1 0 21.170000 0.875000 0 1 0 0 0 1 0 1 0 1 0 0 0 0 0 0 0 0 0 0 0 0 1 0 0 0 0 0 0 0 0.250000 0 1 0 1 0.000000 0 1 1 0 0 280.000000 204.000000 
-1 1 0 23.920000 0.585000 0 1 0 0 0 1 0 0 0 1 0 0 0 0 0 0 0 0 0 0 0 0 1 0 0 0 0 0 0 0 0.125000 0 1 0 1 0.000000 0 1 1 0 0 240.000000 1.000000 
-1 1 0 17.670000 4.460000 1 0 0 0 1 0 1 1 0 1 0 0 0 0 0 0 0 0 0 0 0 1 0 0 0 0 0 0 0 0 0.250000 0 1 0 1 0.000000 0 1 0 0 1 80.000000 0.000000 
-1 0 1 16.500000 1.250000 1 0 0 0 1 0 1 0 0 0 0 0 0 0 0 1 0 0 0 0 0 1 0 0 0 0 0 0 0 0 0.250000 0 1 1 0 1.000000 0 1 1 0 0 108.000000 98.000000 
-1 1 0 23.250000 12.625000 1 0 0 0 1 0 1 1 0 1 0 0 0 0 0 0 0 0 0 0 0 1 0 0 0 0 0 0 0 0 0.125000 0 1 1 0 2.000000 0 1 1 0 0 0.000000 5552.000000 
-1 1 0 17.580000 10.000000 1 0 0 0 1 0 1 0 0 0 0 0 0 0 0 0 1 0 0 0 0 0 1 0 0 0 0 0 0 0 0.165000 0 1 1 0 1.000000 0 1 1 0 0 120.000000 1.000000 
-1 1 0 29.500000 0.580000 1 0 0 0 1 0 1 0 0 0 0 0 0 0 0 0 1 0 0 0 0 1 0 0 0 0 0 0 0 0 0.290000 0 1 1 0 1.000000 0 1 1 0 0 340.000000 2803.000000 
-1 1 0 18.830000 0.415000 0 1 0 0 0 1 0 1 0 1 0 0 0 0 0 0 0 0 0 0 0 1 0 0 0 0 0 0 0 0 0.165000 0 1 1 0 1.000000 0 1 1 0 0 200.000000 1.000000 
-1 0 1 21.750000 1.750000 0 1 0 0 0 1 0 0 0 0 0 1 0 0 0 0 0 0 0 0 0 0 0 0 1 0 0 0 0 0 0.000000 0 1 0 1 0.000000 0 1 1 0 0 160.000000 0.000000 
-1 1 0 23.000000 0.750000 1 0 0 0 1 0 1 0 0 0 0 0 0 1 0 0 0 0 0 0 0 1 0 0 0 0 0 0 0 0 0.500000 0 1 0 1 0.000000 1 0 0 0 1 320.000000 0.000000 
-1 0 1 18.250000 10.000000 1 0 0 0 1 0 1 0 0 0 0 0 0 0 0 0 1 0 0 0 0 1 0 0 0 0 0 0 0 0 1.000000 0 1 1 0 1.000000 0 1 1 0 0 120.000000 1.000000 
-1 1 0 25.420000 0.540000 1 0 0 0 1 0 1 0 0 0 0 0 0 0 0 0 1 0 0 0 0 1 0 0 0 0 0 0 0 0 0.165000 0 1 1 0 1.000000 0 1 1 0 0 272.000000 444.000000 
-1 1 0 35.750000 2.415000 1 0 0 0 1 0 1 0 0 0 0 0 0 0 0 0 1 0 0 0 0 1 0 0 0 0 0 0 0 0 0.125000 0 1 1 0 2.000000 0 1 1 0 0 220.000000 1.000000 
-1 0 1 16.080000 0.335000 1 0 0 0 1 0 1 0 0 0 0 0 0 0 0 0 0 0 0 0 1 0 0 0 0 0 0 0 1 0 0.000000 0 1 1 0 1.000000 0 1 1 0 0 160.000000 126.000000 
-1 0 1 31.920000 3.125000 1 0 0 0 1 0 1 0 0 0 0 0 0 0 0 0 0 0 0 0 1 0 0 0 0 0 0 0 1 0 3.040000 0 1 1 0 2.000000 1 0 1 0 0 200.000000 4.000000 
-1 1 0 69.170000 9.000000 1 0 0 0 1 0 1 0 0 0 0 0 0 0 0 0 0 0 0 0 1 0 0 0 0 0 0 0 1 0 4.000000 0 1 1 0 1.000000 0 1 1 0 0 70.000000 6.000000 
-1 1 0 32.920000 2.500000 1 0 0 0 1 0 1 0 0 0 0 0 0 0 0 0 0 0 0 1 0 1 0 0 0 0 0 0 0 0 1.750000 0 1 1 0 2.000000 1 0 1 0 0 720.000000 0.000000 
-1 1 0 16.330000 2.750000 1 0 0 0 1 0 1 0 0 0 0 0 0 0 0 0 0 0 0 1 0 1 0 0 0 0 0 0 0 0 0.665000 0 1 1 0 1.000000 0 1 1 0 0 80.000000 21.000000 
-1 1 0 22.170000 12.125000 1 0 0 0 1 0 1 1 0 1 0 0 0 0 0 0 0 0 0 0 0 1 0 0 0 0 0 0 0 0 3.335000 0 1 1 0 2.000000 1 0 1 0 0 180.000000 173.000000 
-1 0 1 57.580000 2.000000 1 0 0 0 1 0 1 0 0 0 0 0 0 0 0 0 0 0 0 0 1 0 0 0 0 0 0 0 1 0 6.500000 0 1 1 0 1.000000 0 1 1 0 0 0.000000 10.000000 
-1 1 0 18.250000 0.165000 1 0 0 0 1 0 1 0 1 0 0 0 0 0 0 0 0 0 0 0 0 1 0 0 0 0 0 0 0 0 0.250000 0 1 0 1 0.000000 1 0 0 0 1 280.000000 0.000000 
-1 1 0 23.420000 1.000000 1 0 0 0 1 0 1 1 0 1 0 0 0 0 0 0 0 0 0 0 0 1 0 0 0 0 0 0 0 0 0.500000 0 1 0 1 0.000000 1 0 0 0 1 280.000000 0.000000 
-1 0 1 15.920000 2.875000 1 0 0 0 1 0 1 0 0 0 0 0 0 0 0 1 0 0 0 0 0 1 0 0 0 0 0 0 0 0 0.085000 0 1 0 1 0.000000 0 1 1 0 0 120.000000 0.000000 
-1 0 1 24.750000 13.665000 1 0 0 0 1 0 1 0 0 0 0 0 0 0 0 1 0 0 0 0 0 0 1 0 0 0 0 0 0 0 1.500000 0 1 0 1 0.000000 0 1 1 0 0 280.000000 1.000000 
-1 1 0 48.750000 26.335000 0 1 0 0 0 1 0 0 0 0 0 0 0 0 0 0 0 0 0 0 1 0 0 0 0 0 0 0 1 0 0.000000 1 0 0 1 0.000000 1 0 1 0 0 0.000000 0.000000 
-1 1 0 23.500000 2.750000 1 0 0 0 1 0 1 0 0 0 0 0 0 0 0 0 0 0 0 0 1 0 0 0 0 0 0 0 1 0 4.500000 0 1 0 1 0.000000 0 1 1 0 0 160.000000 25.000000 
-1 1 0 18.580000 10.290000 1 0 0 0 1 0 1 0 0 0 0 0 0 0 0 0 0 0 0 0 1 0 0 0 0 0 0 0 1 0 0.415000 0 1 0 1 0.000000 0 1 1 0 0 80.000000 0.000000 
-1 1 0 27.750000 1.290000 1 0 0 0 1 0 1 0 0 0 0 0 1 0 0 0 0 0 0 0 0 0 1 0 0 0 0 0 0 0 0.250000 0 1 0 1 0.000000 1 0 0 0 1 140.000000 0.000000 
-1 0 1 31.750000 3.000000 0 1 0 0 0 1 0 0 0 0 0 1 0 0 0 0 0 0 0 0 0 0 0 0 1 0 0 0 0 0 0.000000 0 1 0 1 0.000000 0 1 1 0 0 160.000000 20.000000 
-1 0 1 24.830000 4.500000 1 0 0 0 1 0 1 0 0 0 0 0 0 0 0 0 1 0 0 0 0 1 0 0 0 0 0 0 0 0 1.000000 0 1 0 1 0.000000 1 0 1 0 0 360.000000 6.000000 
-1 1 0 19.000000 1.750000 0 1 0 0 0 1 0 1 0 1 0 0 0 0 0 0 0 0 0 0 0 1 0 0 0 0 0 0 0 0 2.335000 0 1 0 1 0.000000 1 0 1 0 0 112.000000 6.000000 
-1 0 1 16.330000 0.210000 1 0 0 0 1 0 1 0 0 0 0 0 0 0 0 0 0 0 0 1 0 1 0 0 0 0 0 0 0 0 0.125000 0 1 0 1 0.000000 0 1 1 0 0 200.000000 1.000000 
-1 0 1 18.580000 10.000000 1 0 0 0 1 0 1 0 1 0 0 0 0 0 0 0 0 0 0 0 0 1 0 0 0 0 0 0 0 0 0.415000 0 1 0 1 0.000000 0 1 1 0 0 80.000000 42.000000 
-1 1 0 16.250000 0.000000 0 1 0 0 0 1 0 0 0 0 0 0 0 0 0 0 0 0 0 1 0 1 0 0 0 0 0 0 0 0 0.250000 0 1 0 1 0.000000 0 1 1 0 0 60.000000 0.000000 
-1 1 0 23.000000 0.750000 1 0 0 0 1 0 1 0 0 0 0 0 0 1 0 0 0 0 0 0 0 1 0 0 0 0 0 0 0 0 0.500000 1 0 0 1 0.000000 1 0 0 0 1 320.000000 0.000000 
-1 1 0 21.170000 0.250000 0 1 0 0 0 1 0 1 0 1 0 0 0 0 0 0 0 0 0 0 0 0 1 0 0 0 0 0 0 0 0.250000 0 1 0 1 0.000000 0 1 1 0 0 280.000000 204.000000 
1 1 0 17.500000 22.000000 0 0 1 0 0 0 1 0 0 0 0 0 0 0 0 0 0 0 0 0 1 0 0 0 0 0 0 0 0 1 0.000000 0 1 0 1 0.000000 1 0 0 1 0 450.000000 100000.000000 
1 1 0 19.170000 0.000000 0 1 0 0 0 1 0 0 0 0 0 0 0 1 0 0 0 0 0 0 0 0 0 1 0 0 0 0 0 0 0.000000 0 1 0 1 0.000000 1 0 0 0 1 500.000000 1.000000 
1 1 0 36.750000 0.125000 0 1 0 0 0 1 0 1 0 1 0 0 0 0 0 0 0 0 0 0 0 1 0 0 0 0 0 0 0 0 1.500000 0 1 0 1 0.000000 1 0 1 0 0 232.000000 113.000000 
1 1 0 21.250000 1.500000 1 0 0 0 1 0 1 0 0 0 0 0 0 0 0 0 1 0 0 0 0 1 0 0 0 0 0 0 0 0 1.500000 0 1 0 1 0.000000 0 1 1 0 0 150.000000 8.000000 
1 0 1 18.080000 0.375000 0 0 1 0 0 0 1 0 0 1 0 0 0 0 0 0 0 0 0 0 0 0 0 0 0 0 0 0 1 0 10.000000 0 1 0 1 0.000000 1 0 0 0 1 300.000000 0.000000 
1 0 1 33.670000 0.375000 1 0 0 0 1 0 1 0 0 1 0 0 0 0 0 0 0 0 0 0 0 1 0 0 0 0 0 0 0 0 0.375000 0 1 0 1 0.000000 0 1 1 0 0 300.000000 44.000000 
1 1 0 48.580000 0.205000 0 1 0 0 0 1 0 0 0 0 0 0 1 0 0 0 0 0 0 0 0 1 0 0 0 0 0 0 0 0 0.250000 1 0 1 0 11.000000 0 1 1 0 0 380.000000 2732.000000 
-1 1 0 33.670000 1.250000 1 0 0 0 1 0 1 0 0 0 0 0 0 0 0 0 1 0 0 0 0 1 0 0 0 0 0 0 0 0 1.165000 0 1 0 1 0.000000 0 1 1 0 0 120.000000 0.000000 
-1 0 1 29.500000 1.085000 0 1 0 0 0 1 0 0 0 0 0 0 0 0 0 0 0 1 0 0 0 1 0 0 0 0 0 0 0 0 1.000000 0 1 0 1 0.000000 0 1 1 0 0 280.000000 13.000000 
-1 1 0 30.170000 1.085000 0 1 0 0 0 1 0 1 0 1 0 0 0 0 0 0 0 0 0 0 0 1 0 0 0 0 0 0 0 0 0.040000 0 1 0 1 0.000000 0 1 1 0 0 170.000000 179.000000 
-1 1 0 34.830000 2.500000 0 1 0 0 0 1 0 0 0 0 0 0 0 0 0 0 1 0 0 0 0 1 0 0 0 0 0 0 0 0 3.000000 0 1 0 1 0.000000 0 1 0 0 1 200.000000 0.000000 
-1 0 1 33.250000 2.500000 0 1 0 0 0 1 0 1 0 1 0 0 0 0 0 0 0 0 0 0 0 1 0 0 0 0 0 0 0 0 2.500000 0 1 0 1 0.000000 1 0 1 0 0 0.000000 2.000000 
-1 1 0 34.080000 2.500000 1 0 0 0 1 0 1 1 0 1 0 0 0 0 0 0 0 0 0 0 0 1 0 0 0 0 0 0 0 0 1.000000 0 1 0 1 0.000000 0 1 1 0 0 460.000000 16.000000 
-1 0 1 25.250000 12.500000 1 0 0 0 1 0 1 0 1 0 0 0 0 0 0 0 0 0 0 0 0 1 0 0 0 0 0 0 0 0 1.000000 0 1 0 1 0.000000 1 0 1 0 0 180.000000 1062.000000 
-1 1 0 34.750000 2.500000 1 0 0 0 1 0 1 0 0 1 0 0 0 0 0 0 0 0 0 0 0 0 0 1 0 0 0 0 0 0 0.500000 0 1 0 1 0.000000 0 1 1 0 0 348.000000 0.000000 
-1 1 0 27.670000 0.750000 1 0 0 0 1 0 1 0 0 0 0 0 0 0 0 1 0 0 0 0 0 0 1 0 0 0 0 0 0 0 0.165000 0 1 0 1 0.000000 1 0 1 0 0 220.000000 251.000000 
-1 1 0 47.330000 6.500000 1 0 0 0 1 0 1 1 0 1 0 0 0 0 0 0 0 0 0 0 0 1 0 0 0 0 0 0 0 0 1.000000 0 1 0 1 0.000000 1 0 1 0 0 0.000000 228.000000 
-1 0 1 34.830000 1.250000 0 1 0 0 0 1 0 0 0 0 1 0 0 0 0 0 0 0 0 0 0 0 1 0 0 0 0 0 0 0 0.500000 0 1 0 1 0.000000 1 0 1 0 0 160.000000 0.000000 
-1 0 1 33.250000 3.000000 0 1 0 0 0 1 0 0 0 0 0 0 0 0 0 0 0 0 0 1 0 1 0 0 0 0 0 0 0 0 2.000000 0 1 0 1 0.000000 0 1 1 0 0 180.000000 0.000000 
-1 1 0 28.000000 3.000000 1 0 0 0 1 0 1 0 0 0 0 0 0 0 0 0 1 0 0 0 0 1 0 0 0 0 0 0 0 0 0.750000 0 1 0 1 0.000000 1 0 1 0 0 300.000000 67.000000 
-1 0 1 39.080000 4.000000 1 0 0 0 1 0 1 1 0 1 0 0 0 0 0 0 0 0 0 0 0 1 0 0 0 0 0 0 0 0 3.000000 0 1 0 1 0.000000 0 1 1 0 0 480.000000 0.000000 
-1 1 0 42.750000 4.085000 1 0 0 0 1 0 1 0 0 0 0 0 0 0 0 0 0 0 0 1 0 1 0 0 0 0 0 0 0 0 0.040000 0 1 0 1 0.000000 0 1 1 0 0 108.000000 100.000000 
-1 1 0 26.920000 2.250000 1 0 0 0 1 0 1 0 0 0 1 0 0 0 0 0 0 0 0 0 0 0 0 1 0 0 0 0 0 0 0.500000 0 1 0 1 0.000000 1 0 1 0 0 640.000000 4000.000000 
-1 1 0 33.750000 2.750000 1 0 0 0 1 0 1 0 0 0 1 0 0 0 0 0 0 0 0 0 0 0 0 1 0 0 0 0 0 0 0.000000 0 1 0 1 0.000000 0 1 1 0 0 180.000000 0.000000 
-1 1 0 38.920000 1.750000 1 0 0 0 1 0 1 0 0 0 0 0 1 0 0 0 0 0 0 0 0 1 0 0 0 0 0 0 0 0 0.500000 0 1 0 1 0.000000 1 0 1 0 0 300.000000 2.000000 
-1 1 0 62.750000 7.000000 1 0 0 0 1 0 1 0 0 0 0 0 0 0 0 0 0 0 1 0 0 0 0 0 0 0 1 0 0 0 0.000000 0 1 0 1 0.000000 0 1 1 0 0 0.000000 12.000000 
-1 1 0 26.750000 4.500000 0 1 0 0 0 1 0 1 0 1 0 0 0 0 0 0 0 0 0 0 0 0 0 1 0 0 0 0 0 0 2.500000 0 1 0 1 0.000000 0 1 1 0 0 200.000000 1210.000000 
-1 1 0 63.330000 0.540000 1 0 0 0 1 0 1 1 0 1 0 0 0 0 0 0 0 0 0 0 0 1 0 0 0 0 0 0 0 0 0.585000 1 0 1 0 3.000000 1 0 1 0 0 180.000000 0.000000 
-1 1 0 27.830000 1.500000 1 0 0 0 1 0 1 0 0 0 0 0 0 0 0 0 1 0 0 0 0 1 0 0 0 0 0 0 0 0 2.250000 0 1 1 0 1.000000 1 0 1 0 0 100.000000 3.000000 
-1 0 1 26.170000 2.000000 1 0 0 0 1 0 1 0 0 0 0 1 0 0 0 0 0 0 0 0 0 0 0 0 1 0 0 0 0 0 0.000000 0 1 0 1 0.000000 1 0 1 0 0 276.000000 1.000000 
-1 1 0 22.170000 0.585000 0 1 0 0 0 1 0 0 0 0 0 0 0 0 0 0 0 0 0 0 1 0 0 0 0 0 0 0 1 0 0.000000 0 1 0 1 0.000000 0 1 1 0 0 100.000000 0.000000 
-1 1 0 22.500000 11.500000 0 1 0 0 0 1 0 0 0 0 0 0 0 1 0 0 0 0 0 0 0 1 0 0 0 0 0 0 0 0 1.500000 0 1 0 1 0.000000 1 0 1 0 0 0.000000 4000.000000 
-1 1 0 30.750000 1.585000 1 0 0 0 1 0 1 0 1 0 0 0 0 0 0 0 0 0 0 0 0 1 0 0 0 0 0 0 0 0 0.585000 0 1 0 1 0.000000 1 0 0 0 1 0.000000 0.000000 
-1 1 0 36.670000 2.000000 1 0 0 0 1 0 1 0 0 0 1 0 0 0 0 0 0 0 0 0 0 1 0 0 0 0 0 0 0 0 0.250000 0 1 0 1 0.000000 1 0 1 0 0 221.000000 0.000000 
-1 0 1 16.000000 0.165000 1 0 0 0 1 0 1 0 0 0 0 0 0 0 0 0 0 0 0 1 0 1 0 0 0 0 0 0 0 0 1.000000 0 1 1 0 2.000000 1 0 1 0 0 320.000000 1.000000 
-1 1 0 41.170000 1.335000 1 0 0 0 1 0 1 0 1 0 0 0 0 0 0 0 0 0 0 0 0 1 0 0 0 0 0 0 0 0 0.165000 0 1 0 1 0.000000 0 1 1 0 0 168.000000 0.000000 
-1 0 1 19.500000 0.165000 1 0 0 0 1 0 1 0 0 0 0 0 0 0 0 1 0 0 0 0 0 1 0 0 0 0 0 0 0 0 0.040000 0 1 0 1 0.000000 1 0 1 0 0 380.000000 0.000000 
-1 1 0 32.420000 3.000000 1 0 0 0 1 0 1 0 1 0 0 0 0 0 0 0 0 0 0 0 0 1 0 0 0 0 0 0 0 0 0.165000 0 1 0 1 0.000000 1 0 1 0 0 120.000000 0.000000 
-1 0 1 36.750000 4.710000 1 0 0 0 1 0 1 0 0 0 0 0 0 0 0 0 0 0 0 0 1 0 0 0 0 0 0 0 1 0 0.000000 0 1 0 1 0.000000 0 1 1 0 0 160.000000 0.000000 
-1 0 1 30.250000 5.500000 1 0 0 0 1 0 1 0 0 0 0 0 1 0 0 0 0 0 0 0 0 1 0 0 0 0 0 0 0 0 5.500000 0 1 0 1 0.000000 1 0 0 0 1 100.000000 0.000000 
-1 1 0 23.080000 2.500000 1 0 0 0 1 0 1 0 0 0 0 0 0 0 0 0 0 0 0 0 1 0 0 0 0 0 0 0 1 0 0.085000 0 1 0 1 0.000000 1 0 1 0 0 100.000000 4208.000000 
-1 1 0 26.830000 0.540000 1 0 0 0 1 0 1 0 0 0 0 0 1 0 0 0 0 0 0 0 0 0 0 0 0 0 0 0 1 0 0.000000 0 1 0 1 0.000000 0 1 1 0 0 100.000000 0.000000 
-1 1 0 16.920000 0.335000 0 1 0 0 0 1 0 0 0 0 0 0 1 0 0 0 0 0 0 0 0 1 0 0 0 0 0 0 0 0 0.290000 0 1 0 1 0.000000 0 1 0 0 1 200.000000 0.000000 
-1 1 0 24.420000 2.000000 1 0 0 0 1 0 1 0 0 0 0 0 0 0 0 0 0 0 1 0 0 0 0 0 0 0 0 1 0 0 0.165000 0 1 1 0 2.000000 0 1 1 0 0 320.000000 1300.000000 
-1 1 0 42.830000 1.250000 1 0 0 0 1 0 1 0 0 0 0 0 0 1 0 0 0 0 0 0 0 1 0 0 0 0 0 0 0 0 13.875000 0 1 1 0 1.000000 1 0 1 0 0 352.000000 112.000000 
-1 0 1 22.750000 6.165000 1 0 0 0 1 0 1 0 0 0 0 0 0 0 0 0 0 0 0 1 0 1 0 0 0 0 0 0 0 0 0.165000 0 1 0 1 0.000000 0 1 1 0 0 220.000000 1000.000000 
-1 1 0 39.420000 1.710000 0 1 0 0 0 1 0 0 0 0 0 0 0 1 0 0 0 0 0 0 0 1 0 0 0 0 0 0 0 0 0.165000 0 1 0 1 0.000000 0 1 0 0 1 400.000000 0.000000 
-1 0 1 23.580000 11.500000 0 1 0 0 0 1 0 0 0 0 0 0 1 0 0 0 0 0 0 0 0 0 1 0 0 0 0 0 0 0 3.000000 0 1 0 1 0.000000 1 0 1 0 0 20.000000 16.000000 
-1 1 0 21.420000 0.750000 0 1 0 0 0 1 0 0 0 0 0 0 0 0 1 0 0 0 0 0 0 0 0 0 0 1 0 0 0 0 0.750000 0 1 0 1 0.000000 1 0 1 0 0 132.000000 2.000000 
-1 1 0 33.000000 2.500000 0 1 0 0 0 1 0 0 0 0 0 0 0 0 0 0 1 0 0 0 0 1 0 0 0 0 0 0 0 0 7.000000 0 1 0 1 0.000000 1 0 1 0 0 280.000000 0.000000 
-1 1 0 26.330000 13.000000 1 0 0 0 1 0 1 0 0 0 0 0 0 0 0 0 0 0 1 0 0 0 0 0 0 0 0 1 0 0 0.000000 0 1 0 1 0.000000 1 0 1 0 0 140.000000 1110.000000 
-1 0 1 45.000000 4.585000 1 0 0 0 1 0 1 0 0 0 0 0 1 0 0 0 0 0 0 0 0 0 1 0 0 0 0 0 0 0 1.000000 0 1 0 1 0.000000 1 0 0 0 1 240.000000 0.000000 
-1 1 0 26.250000 1.540000 1 0 0 0 1 0 1 0 0 0 0 0 0 0 0 0 1 0 0 0 0 1 0 0 0 0 0 0 0 0 0.125000 0 1 0 1 0.000000 0 1 1 0 0 100.000000 0.000000 
-1 0 1 20.830000 0.500000 0 1 0 0 0 1 0 0 0 0 0 0 0 0 0 0 0 0 1 0 0 0 0 0 0 0 0 1 0 0 1.000000 0 1 0 1 0.000000 0 1 1 0 0 260.000000 0.000000 
-1 1 0 28.670000 14.500000 1 0 0 0 1 0 1 0 1 0 0 0 0 0 0 0 0 0 0 0 0 1 0 0 0 0 0 0 0 0 0.125000 0 1 0 1 0.000000 0 1 1 0 0 0.000000 286.000000 
-1 1 0 20.670000 0.835000 0 1 0 0 0 1 0 1 0 1 0 0 0 0 0 0 0 0 0 0 0 1 0 0 0 0 0 0 0 0 2.000000 0 1 0 1 0.000000 1 0 0 0 1 240.000000 0.000000 
-1 1 0 34.420000 1.335000 1 0 0 0 1 0 1 0 0 0 1 0 0 0 0 0 0 0 0 0 0 0 0 1 0 0 0 0 0 0 0.125000 0 1 0 1 0.000000 1 0 1 0 0 440.000000 4500.000000 
-1 1 0 33.580000 0.250000 1 0 0 0 1 0 1 0 0 0 1 0 0 0 0 0 0 0 0 0 0 0 0 1 0 0 0 0 0 0 4.000000 0 1 0 1 0.000000 1 0 0 0 1 420.000000 0.000000 
-1 1 0 43.170000 5.000000 1 0 0 0 1 0 1 0 0 0 1 0 0 0 0 0 0 0 0 0 0 0 0 1 0 0 0 0 0 0 2.250000 0 1 0 1 0.000000 1 0 1 0 0 141.000000 0.000000 
-1 0 1 22.670000 7.000000 1 0 0 0 1 0 1 1 0 1 0 0 0 0 0 0 0 0 0 0 0 1 0 0 0 0 0 0 0 0 0.165000 0 1 0 1 0.000000 0 1 1 0 0 160.000000 0.000000 
-1 0 1 24.330000 2.500000 0 1 0 0 0 1 0 0 0 0 1 0 0 0 0 0 0 0 0 0 0 0 0 1 0 0 0 0 0 0 4.500000 0 1 0 1 0.000000 0 1 1 0 0 200.000000 456.000000 
-1 0 1 56.830000 4.250000 0 1 0 0 0 1 0 0 0 0 0 0 0 0 0 0 0 0 0 0 1 0 0 0 0 0 0 0 1 0 5.000000 0 1 0 1 0.000000 1 0 1 0 0 0.000000 4.000000 
-1 1 0 22.080000 11.460000 1 0 0 0 1 0 1 0 0 0 0 0 1 0 0 0 0 0 0 0 0 1 0 0 0 0 0 0 0 0 1.585000 0 1 0 1 0.000000 1 0 1 0 0 100.000000 1212.000000 
-1 1 0 34.000000 5.500000 0 1 0 0 0 1 0 1 0 1 0 0 0 0 0 0 0 0 0 0 0 1 0 0 0 0 0 0 0 0 1.500000 0 1 0 1 0.000000 1 0 1 0 0 60.000000 0.000000 
-1 1 0 22.580000 1.500000 0 1 0 0 0 1 0 0 0 0 0 0 0 0 0 0 0 0 0 1 0 1 0 0 0 0 0 0 0 0 0.540000 0 1 0 1 0.000000 1 0 1 0 0 120.000000 67.000000 
-1 1 0 21.170000 0.000000 1 0 0 0 1 0 1 1 0 1 0 0 0 0 0 0 0 0 0 0 0 1 0 0 0 0 0 0 0 0 0.500000 0 1 0 1 0.000000 1 0 0 0 1 0.000000 0.000000 
-1 1 0 26.670000 14.585000 1 0 0 0 1 0 1 0 0 0 1 0 0 0 0 0 0 0 0 0 0 0 0 1 0 0 0 0 0 0 0.000000 0 1 0 1 0.000000 1 0 1 0 0 178.000000 0.000000 
-1 1 0 22.920000 0.170000 1 0 0 0 1 0 1 0 0 0 0 0 0 1 0 0 0 0 0 0 0 1 0 0 0 0 0 0 0 0 0.085000 0 1 0 1 0.000000 0 1 0 0 1 0.000000 0.000000 
-1 1 0 15.170000 7.000000 1 0 0 0 1 0 1 0 0 0 0 0 0 0 0 0 0 0 1 0 0 1 0 0 0 0 0 0 0 0 1.000000 0 1 0 1 0.000000 0 1 1 0 0 600.000000 0.000000 
-1 1 0 39.920000 5.000000 1 0 0 0 1 0 1 0 0 0 1 0 0 0 0 0 0 0 0 0 0 0 0 1 0 0 0 0 0 0 0.210000 0 1 0 1 0.000000 0 1 1 0 0 550.000000 0.000000 
-1 1 0 27.420000 12.500000 1 0 0 0 1 0 1 0 0 0 0 0 0 0 0 0 0 0 0 1 0 0 0 1 0 0 0 0 0 0 0.250000 0 1 0 1 0.000000 1 0 1 0 0 720.000000 0.000000 
-1 1 0 24.750000 0.540000 1 0 0 0 1 0 1 0 0 0 0 0 0 1 0 0 0 0 0 0 0 1 0 0 0 0 0 0 0 0 1.000000 0 1 0 1 0.000000 1 0 1 0 0 120.000000 1.000000 
-1 1 0 41.170000 1.250000 0 1 0 0 0 1 0 0 0 0 0 0 0 0 0 0 1 0 0 0 0 1 0 0 0 0 0 0 0 0 0.250000 0 1 0 1 0.000000 0 1 1 0 0 0.000000 195.000000 
-1 0 1 33.080000 1.625000 1 0 0 0 1 0 1 0 1 0 0 0 0 0 0 0 0 0 0 0 0 1 0 0 0 0 0 0 0 0 0.540000 0 1 0 1 0.000000 1 0 1 0 0 0.000000 0.000000 
-1 1 0 29.830000 2.040000 0 1 0 0 0 1 0 0 0 0 0 0 0 0 0 0 0 1 0 0 0 0 1 0 0 0 0 0 0 0 0.040000 0 1 0 1 0.000000 0 1 1 0 0 128.000000 1.000000 
-1 0 1 23.580000 0.585000 0 1 0 0 0 1 0 0 0 0 0 0 0 0 0 0 0 0 0 0 1 0 0 0 0 0 0 0 1 0 0.125000 0 1 0 1 0.000000 0 1 1 0 0 120.000000 87.000000 
-1 1 0 26.170000 12.500000 0 1 0 0 0 1 0 0 0 0 0 0 1 0 0 0 0 0 0 0 0 0 1 0 0 0 0 0 0 0 1.250000 0 1 0 1 0.000000 1 0 1 0 0 0.000000 17.000000 
-1 1 0 31.000000 2.085000 1 0 0 0 1 0 1 1 0 1 0 0 0 0 0 0 0 0 0 0 0 1 0 0 0 0 0 0 0 0 0.085000 0 1 0 1 0.000000 0 1 1 0 0 300.000000 0.000000 
-1 1 0 20.750000 5.085000 0 1 0 0 0 1 0 0 0 0 0 1 0 0 0 0 0 0 0 0 0 1 0 0 0 0 0 0 0 0 0.290000 0 1 0 1 0.000000 0 1 1 0 0 140.000000 184.000000 
-1 1 0 28.920000 0.375000 1 0 0 0 1 0 1 1 0 1 0 0 0 0 0 0 0 0 0 0 0 1 0 0 0 0 0 0 0 0 0.290000 0 1 0 1 0.000000 0 1 1 0 0 220.000000 140.000000 
-1 0 1 51.920000 6.500000 1 0 0 0 1 0 1 0 0 0 1 0 0 0 0 0 0 0 0 0 0 0 0 1 0 0 0 0 0 0 3.085000 0 1 0 1 0.000000 1 0 1 0 0 73.000000 0.000000 
-1 0 1 22.670000 0.335000 1 0 0 0 1 0 1 0 0 0 0 0 0 0 0 1 0 0 0 0 0 1 0 0 0 0 0 0 0 0 0.750000 0 1 0 1 0.000000 0 1 0 0 1 160.000000 0.000000 
-1 1 0 34.000000 5.085000 0 1 0 0 0 1 0 0 0 0 1 0 0 0 0 0 0 0 0 0 0 0 0 1 0 0 0 0 0 0 1.085000 0 1 0 1 0.000000 1 0 1 0 0 480.000000 0.000000 
-1 0 1 69.500000 6.000000 1 0 0 0 1 0 1 0 0 0 0 0 0 0 0 0 0 0 0 0 1 0 0 0 0 0 0 0 1 0 0.000000 0 1 0 1 0.000000 0 1 0 0 1 0.000000 0.000000 
-1 0 1 19.580000 0.665000 0 1 0 0 0 1 0 1 0 1 0 0 0 0 0 0 0 0 0 0 0 1 0 0 0 0 0 0 0 0 1.000000 0 1 1 0 1.000000 0 1 1 0 0 2000.000000 2.000000 
-1 1 0 16.000000 3.125000 1 0 0 0 1 0 1 0 0 0 0 0 0 0 0 0 1 0 0 0 0 1 0 0 0 0 0 0 0 0 0.085000 0 1 1 0 1.000000 0 1 1 0 0 0.000000 6.000000 
-1 1 0 17.080000 0.250000 1 0 0 0 1 0 1 0 0 0 0 0 0 0 0 1 0 0 0 0 0 1 0 0 0 0 0 0 0 0 0.335000 0 1 1 0 4.000000 0 1 1 0 0 160.000000 8.000000 
-1 1 0 31.250000 2.835000 1 0 0 0 1 0 1 0 0 0 0 0 0 0 0 0 0 0 0 0 1 0 0 0 0 0 0 0 1 0 0.000000 0 1 1 0 5.000000 0 1 1 0 0 176.000000 146.000000 
-1 1 0 25.170000 3.000000 1 0 0 0 1 0 1 1 0 1 0 0 0 0 0 0 0 0 0 0 0 1 0 0 0 0 0 0 0 0 1.250000 0 1 1 0 1.000000 0 1 1 0 0 0.000000 22.000000 
-1 0 1 22.670000 0.790000 1 0 0 0 1 0 1 0 0 0 1 0 0 0 0 0 0 0 0 0 0 1 0 0 0 0 0 0 0 0 0.085000 0 1 0 1 0.000000 0 1 1 0 0 144.000000 0.000000 
-1 1 0 40.580000 1.500000 1 0 0 0 1 0 1 0 0 0 1 0 0 0 0 0 0 0 0 0 0 0 0 1 0 0 0 0 0 0 0.000000 0 1 0 1 0.000000 0 1 0 0 1 300.000000 0.000000 
-1 1 0 22.250000 0.460000 1 0 0 0 1 0 1 0 0 0 0 0 1 0 0 0 0 0 0 0 0 1 0 0 0 0 0 0 0 0 0.125000 0 1 0 1 0.000000 1 0 1 0 0 280.000000 55.000000 
-1 0 1 22.250000 1.250000 0 1 0 0 0 1 0 0 0 0 0 0 0 0 0 0 0 0 0 0 1 0 0 0 0 0 0 0 1 0 3.250000 0 1 0 1 0.000000 0 1 1 0 0 280.000000 0.000000 
-1 1 0 22.500000 0.125000 0 1 0 0 0 1 0 0 0 0 0 0 1 0 0 0 0 0 0 0 0 1 0 0 0 0 0 0 0 0 0.125000 0 1 0 1 0.000000 0 1 1 0 0 200.000000 70.000000 
-1 1 0 23.580000 1.790000 1 0 0 0 1 0 1 1 0 1 0 0 0 0 0 0 0 0 0 0 0 1 0 0 0 0 0 0 0 0 0.540000 0 1 0 1 0.000000 1 0 1 0 0 136.000000 1.000000 
-1 1 0 38.420000 0.705000 1 0 0 0 1 0 1 1 0 1 0 0 0 0 0 0 0 0 0 0 0 1 0 0 0 0 0 0 0 0 0.375000 0 1 1 0 2.000000 0 1 1 0 0 225.000000 500.000000 
-1 0 1 26.580000 2.540000 0 1 0 0 0 1 0 0 0 0 0 0 0 0 0 0 0 0 0 0 1 0 0 0 0 0 0 0 1 0 0.000000 0 1 0 1 0.000000 1 0 1 0 0 180.000000 60.000000 
-1 1 0 35.000000 2.500000 1 0 0 0 1 0 1 0 0 0 1 0 0 0 0 0 0 0 0 0 0 1 0 0 0 0 0 0 0 0 1.000000 0 1 0 1 0.000000 1 0 1 0 0 210.000000 0.000000 
-1 1 0 20.420000 1.085000 1 0 0 0 1 0 1 0 0 0 0 0 0 0 0 1 0 0 0 0 0 1 0 0 0 0 0 0 0 0 1.500000 0 1 0 1 0.000000 0 1 1 0 0 108.000000 7.000000 
-1 1 0 29.420000 1.250000 1 0 0 0 1 0 1 0 0 0 0 0 0 0 0 0 1 0 0 0 0 1 0 0 0 0 0 0 0 0 1.750000 0 1 0 1 0.000000 0 1 1 0 0 200.000000 0.000000 
-1 1 0 26.170000 0.835000 1 0 0 0 1 0 1 0 0 1 0 0 0 0 0 0 0 0 0 0 0 1 0 0 0 0 0 0 0 0 1.165000 0 1 0 1 0.000000 0 1 1 0 0 100.000000 0.000000 
-1 1 0 33.670000 2.165000 1 0 0 0 1 0 1 1 0 1 0 0 0 0 0 0 0 0 0 0 0 1 0 0 0 0 0 0 0 0 1.500000 0 1 0 1 0.000000 0 1 0 1 0 120.000000 0.000000 
-1 1 0 24.580000 1.250000 1 0 0 0 1 0 1 1 0 1 0 0 0 0 0 0 0 0 0 0 0 1 0 0 0 0 0 0 0 0 0.250000 0 1 0 1 0.000000 0 1 1 0 0 110.000000 0.000000 
-1 0 1 27.670000 2.040000 1 0 0 0 1 0 1 0 0 0 0 0 0 0 0 0 1 0 0 0 0 1 0 0 0 0 0 0 0 0 0.250000 0 1 0 1 0.000000 1 0 1 0 0 180.000000 50.000000 
-1 1 0 37.500000 0.835000 1 0 0 0 1 0 1 0 0 0 0 0 0 0 0 0 0 0 1 0 0 1 0 0 0 0 0 0 0 0 0.040000 0 1 0 1 0.000000 0 1 1 0 0 120.000000 5.000000 
-1 1 0 49.170000 2.290000 1 0 0 0 1 0 1 0 0 0 0 0 0 0 0 0 0 0 0 0 1 0 0 0 0 0 0 0 1 0 0.290000 0 1 0 1 0.000000 0 1 1 0 0 200.000000 3.000000 
-1 1 0 33.580000 0.335000 0 1 0 0 0 1 0 0 0 1 0 0 0 0 0 0 0 0 0 0 0 1 0 0 0 0 0 0 0 0 0.085000 0 1 0 1 0.000000 0 1 1 0 0 180.000000 0.000000 
-1 1 0 51.830000 3.000000 0 1 0 0 0 1 0 0 0 0 0 0 0 0 0 0 0 0 0 0 1 0 0 0 0 0 0 0 1 0 1.500000 0 1 0 1 0.000000 0 1 1 0 0 180.000000 4.000000 
-1 1 0 22.920000 3.165000 0 1 0 0 0 1 0 1 0 1 0 0 0 0 0 0 0 0 0 0 0 1 0 0 0 0 0 0 0 0 0.165000 0 1 0 1 0.000000 0 1 1 0 0 160.000000 1058.000000 
-1 1 0 21.830000 1.540000 1 0 0 0 1 0 1 0 0 0 0 0 1 0 0 0 0 0 0 0 0 1 0 0 0 0 0 0 0 0 0.085000 0 1 0 1 0.000000 1 0 1 0 0 356.000000 0.000000 
-1 1 0 25.250000 1.000000 1 0 0 0 1 0 1 0 0 0 0 0 0 0 0 0 0 0 0 1 0 1 0 0 0 0 0 0 0 0 0.500000 0 1 0 1 0.000000 0 1 1 0 0 200.000000 0.000000 
-1 1 0 58.580000 2.710000 1 0 0 0 1 0 1 1 0 1 0 0 0 0 0 0 0 0 0 0 0 1 0 0 0 0 0 0 0 0 2.415000 0 1 0 1 0.000000 1 0 1 0 0 320.000000 0.000000 
-1 1 0 19.000000 0.000000 0 1 0 0 0 1 0 0 0 0 0 0 0 0 0 0 0 0 0 0 1 0 0 0 0 0 0 0 1 0 0.000000 0 1 1 0 4.000000 0 1 1 0 0 45.000000 1.000000 
-1 1 0 19.580000 0.585000 1 0 0 0 1 0 1 0 0 0 0 0 0 0 0 0 0 0 0 0 1 0 0 0 0 0 0 0 1 0 0.000000 0 1 1 0 3.000000 0 1 1 0 0 350.000000 769.000000 
-1 0 1 53.330000 0.165000 1 0 0 0 1 0 1 0 0 0 0 0 0 0 0 0 0 0 0 0 1 0 0 0 0 0 0 0 1 0 0.000000 0 1 0 1 0.000000 1 0 0 0 1 62.000000 27.000000 
-1 0 1 27.170000 1.250000 1 0 0 0 1 0 1 0 0 0 0 0 0 0 0 0 0 0 0 0 1 0 0 0 0 0 0 0 1 0 0.000000 0 1 1 0 1.000000 0 1 1 0 0 92.000000 300.000000 
-1 1 0 25.920000 0.875000 1 0 0 0 1 0 1 0 0 0 0 0 1 0 0 0 0 0 0 0 0 1 0 0 0 0 0 0 0 0 0.375000 0 1 1 0 2.000000 1 0 1 0 0 174.000000 3.000000 
-1 1 0 23.080000 0.000000 1 0 0 0 1 0 1 0 0 0 0 0 1 0 0 0 0 0 0 0 0 1 0 0 0 0 0 0 0 0 1.000000 0 1 1 0 11.000000 0 1 0 0 1 0.000000 0.000000 
-1 1 0 39.580000 5.000000 1 0 0 0 1 0 1 0 0 0 0 0 0 0 0 0 0 0 0 0 1 0 0 0 0 0 0 0 1 0 0.000000 0 1 1 0 2.000000 0 1 1 0 0 17.000000 1.000000 
-1 1 0 30.580000 2.710000 0 1 0 0 0 1 0 0 0 0 0 0 0 1 0 0 0 0 0 0 0 1 0 0 0 0 0 0 0 0 0.125000 0 1 0 1 0.000000 1 0 0 0 1 80.000000 0.000000 
-1 1 0 17.250000 3.000000 1 0 0 0 1 0 1 0 0 0 0 0 1 0 0 0 0 0 0 0 0 1 0 0 0 0 0 0 0 0 0.040000 0 1 0 1 0.000000 1 0 1 0 0 160.000000 40.000000 
-1 0 1 17.670000 0.000000 0 1 0 0 0 1 0 0 0 0 0 1 0 0 0 0 0 0 0 0 0 0 0 0 0 0 0 0 1 0 0.000000 0 1 0 1 0.000000 0 1 1 0 0 86.000000 0.000000 
-1 1 0 16.500000 0.125000 1 0 0 0 1 0 1 1 0 1 0 0 0 0 0 0 0 0 0 0 0 1 0 0 0 0 0 0 0 0 0.165000 0 1 0 1 0.000000 0 1 1 0 0 132.000000 0.000000 
-1 0 1 27.330000 1.665000 1 0 0 0 1 0 1 0 0 0 0 0 0 0 0 0 0 0 0 0 1 0 0 0 0 0 0 0 1 0 0.000000 0 1 0 1 0.000000 0 1 1 0 0 340.000000 1.000000 
-1 1 0 31.250000 1.125000 1 0 0 0 1 0 1 0 0 0 0 0 0 0 0 0 0 0 0 0 1 0 0 0 0 0 0 0 1 0 0.000000 0 1 1 0 1.000000 0 1 1 0 0 96.000000 19.000000 
-1 1 0 20.000000 7.000000 1 0 0 0 1 0 1 1 0 1 0 0 0 0 0 0 0 0 0 0 0 1 0 0 0 0 0 0 0 0 0.500000 0 1 0 1 0.000000 0 1 1 0 0 0.000000 0.000000 
-1 1 0 39.500000 1.625000 1 0 0 0 1 0 1 1 0 1 0 0 0 0 0 0 0 0 0 0 0 1 0 0 0 0 0 0 0 0 1.500000 0 1 0 1 0.000000 0 1 1 0 0 0.000000 316.000000 
-1 1 0 36.500000 4.250000 1 0 0 0 1 0 1 0 0 0 0 0 0 0 0 1 0 0 0 0 0 1 0 0 0 0 0 0 0 0 3.500000 0 1 0 1 0.000000 0 1 1 0 0 454.000000 50.000000 
-1 1 0 52.420000 1.500000 1 0 0 0 1 0 1 0 1 0 0 0 0 0 0 0 0 0 0 0 0 1 0 0 0 0 0 0 0 0 3.750000 0 1 0 1 0.000000 1 0 1 0 0 0.000000 350.000000 
-1 1 0 36.170000 18.125000 1 0 0 0 1 0 1 0 0 0 0 0 0 0 0 0 1 0 0 0 0 1 0 0 0 0 0 0 0 0 0.085000 0 1 0 1 0.000000 0 1 1 0 0 320.000000 3552.000000 
-1 1 0 29.670000 0.750000 0 1 0 0 0 1 0 1 0 1 0 0 0 0 0 0 0 0 0 0 0 1 0 0 0 0 0 0 0 0 0.040000 0 1 0 1 0.000000 0 1 1 0 0 240.000000 0.000000 
-1 1 0 36.170000 5.500000 1 0 0 0 1 0 1 0 0 0 1 0 0 0 0 0 0 0 0 0 0 0 0 1 0 0 0 0 0 0 5.000000 0 1 0 1 0.000000 0 1 1 0 0 210.000000 687.000000 
-1 1 0 25.670000 0.290000 0 1 0 0 0 1 0 1 0 1 0 0 0 0 0 0 0 0 0 0 0 1 0 0 0 0 0 0 0 0 1.500000 0 1 0 1 0.000000 1 0 1 0 0 160.000000 0.000000 
-1 0 1 24.500000 2.415000 0 1 0 0 0 1 0 1 0 1 0 0 0 0 0 0 0 0 0 0 0 1 0 0 0 0 0 0 0 0 0.000000 0 1 0 1 0.000000 0 1 1 0 0 120.000000 0.000000 
-1 1 0 24.080000 0.875000 1 0 0 0 1 0 1 0 0 0 0 0 0 1 0 0 0 0 0 0 0 1 0 0 0 0 0 0 0 0 0.085000 0 1 1 0 4.000000 0 1 1 0 0 254.000000 1950.000000 
-1 1 0 21.920000 0.500000 1 0 0 0 1 0 1 1 0 1 0 0 0 0 0 0 0 0 0 0 0 1 0 0 0 0 0 0 0 0 0.125000 0 1 0 1 0.000000 0 1 1 0 0 360.000000 0.000000 
-1 0 1 36.580000 0.290000 1 0 0 0 1 0 1 0 0 0 0 0 0 0 0 0 0 0 0 0 1 0 0 0 0 0 0 0 1 0 0.000000 0 1 1 0 10.000000 0 1 1 0 0 200.000000 18.000000 
-1 0 1 23.000000 1.835000 1 0 0 0 1 0 1 0 0 0 0 1 0 0 0 0 0 0 0 0 0 0 0 0 1 0 0 0 0 0 0.000000 0 1 1 0 1.000000 0 1 1 0 0 200.000000 53.000000 
-1 0 1 27.580000 3.000000 1 0 0 0 1 0 1 0 0 0 0 0 0 1 0 0 0 0 0 0 0 1 0 0 0 0 0 0 0 0 2.790000 0 1 1 0 1.000000 1 0 1 0 0 280.000000 10.000000 
-1 1 0 31.080000 3.085000 1 0 0 0 1 0 1 1 0 1 0 0 0 0 0 0 0 0 0 0 0 1 0 0 0 0 0 0 0 0 2.500000 0 1 1 0 2.000000 1 0 1 0 0 160.000000 41.000000 
-1 0 1 30.420000 1.375000 1 0 0 0 1 0 1 0 0 0 0 0 0 0 0 0 1 0 0 0 0 0 1 0 0 0 0 0 0 0 0.040000 0 1 1 0 3.000000 0 1 1 0 0 0.000000 33.000000 
-1 1 0 22.080000 2.335000 1 0 0 0 1 0 1 0 0 0 0 0 1 0 0 0 0 0 0 0 0 1 0 0 0 0 0 0 0 0 0.750000 0 1 0 1 0.000000 0 1 1 0 0 180.000000 0.000000 
-1 1 0 16.330000 4.085000 1 0 0 0 1 0 1 0 0 0 1 0 0 0 0 0 0 0 0 0 0 0 1 0 0 0 0 0 0 0 0.415000 0 1 0 1 0.000000 1 0 1 0 0 120.000000 0.000000 
-1 0 1 21.920000 11.665000 1 0 0 0 1 0 1 0 0 0 0 0 1 0 0 0 0 0 0 0 0 0 1 0 0 0 0 0 0 0 0.085000 0 1 0 1 0.000000 0 1 1 0 0 320.000000 5.000000 
-1 1 0 21.080000 4.125000 0 1 0 0 0 1 0 0 0 0 1 0 0 0 0 0 0 0 0 0 0 0 1 0 0 0 0 0 0 0 0.040000 0 1 0 1 0.000000 0 1 1 0 0 140.000000 100.000000 
-1 1 0 17.420000 6.500000 1 0 0 0 1 0 1 0 0 0 1 0 0 0 0 0 0 0 0 0 0 1 0 0 0 0 0 0 0 0 0.125000 0 1 0 1 0.000000 0 1 1 0 0 60.000000 100.000000 
-1 1 0 19.170000 4.000000 0 1 0 0 0 1 0 0 0 0 1 0 0 0 0 0 0 0 0 0 0 1 0 0 0 0 0 0 0 0 1.000000 0 1 0 1 0.000000 1 0 1 0 0 360.000000 1000.000000 
-1 1 0 20.670000 0.415000 1 0 0 0 1 0 1 1 0 1 0 0 0 0 0 0 0 0 0 0 0 1 0 0 0 0 0 0 0 0 0.125000 0 1 0 1 0.000000 0 1 1 0 0 0.000000 44.000000 
-1 1 0 26.750000 2.000000 1 0 0 0 1 0 1 0 1 0 0 0 0 0 0 0 0 0 0 0 0 1 0 0 0 0 0 0 0 0 0.750000 0 1 0 1 0.000000 1 0 1 0 0 80.000000 0.000000 
-1 1 0 23.580000 0.835000 1 0 0 0 1 0 1 0 0 0 1 0 0 0 0 0 0 0 0 0 0 0 1 0 0 0 0 0 0 0 0.085000 0 1 0 1 0.000000 1 0 1 0 0 220.000000 5.000000 
-1 1 0 39.170000 2.500000 0 1 0 0 0 1 0 0 0 0 1 0 0 0 0 0 0 0 0 0 0 0 1 0 0 0 0 0 0 0 10.000000 0 1 0 1 0.000000 1 0 0 0 1 200.000000 0.000000 
-1 1 0 22.750000 11.500000 1 0 0 0 1 0 1 0 0 0 1 0 0 0 0 0 0 0 0 0 0 1 0 0 0 0 0 0 0 0 0.415000 0 1 0 1 0.000000 0 1 1 0 0 0.000000 0.000000 
-1 0 1 16.920000 0.500000 1 0 0 0 1 0 1 0 0 0 1 0 0 0 0 0 0 0 0 0 0 1 0 0 0 0 0 0 0 0 0.165000 0 1 1 0 6.000000 1 0 1 0 0 240.000000 35.000000 
-1 1 0 23.500000 3.165000 0 1 0 0 0 1 0 0 0 0 0 0 1 0 0 0 0 0 0 0 0 1 0 0 0 0 0 0 0 0 0.415000 0 1 1 0 1.000000 1 0 1 0 0 280.000000 80.000000 
-1 0 1 17.330000 9.500000 1 0 0 0 1 0 1 0 0 0 0 0 0 0 0 0 0 0 0 1 0 1 0 0 0 0 0 0 0 0 1.750000 0 1 1 0 10.000000 1 0 1 0 0 0.000000 10.000000 
-1 1 0 23.750000 0.415000 0 1 0 0 0 1 0 1 0 1 0 0 0 0 0 0 0 0 0 0 0 1 0 0 0 0 0 0 0 0 0.040000 0 1 1 0 2.000000 0 1 1 0 0 128.000000 6.000000 
-1 1 0 34.670000 1.080000 1 0 0 0 1 0 1 0 0 0 0 0 0 1 0 0 0 0 0 0 0 1 0 0 0 0 0 0 0 0 1.165000 0 1 0 1 0.000000 0 1 0 0 1 28.000000 0.000000 
-1 1 0 74.830000 19.000000 0 1 0 0 0 1 0 0 0 0 0 0 0 0 0 0 0 0 0 0 1 0 0 0 0 0 0 0 1 0 0.040000 0 1 1 0 2.000000 0 1 1 0 0 0.000000 351.000000 
-1 1 0 28.170000 0.125000 0 1 0 0 0 1 0 0 0 0 0 0 1 0 0 0 0 0 0 0 0 1 0 0 0 0 0 0 0 0 0.085000 0 1 0 1 0.000000 0 1 1 0 0 216.000000 2100.000000 
-1 1 0 24.500000 13.335000 0 1 0 0 0 1 0 0 0 0 0 0 0 0 0 0 0 0 0 1 0 1 0 0 0 0 0 0 0 0 0.040000 0 1 0 1 0.000000 1 0 1 0 0 120.000000 475.000000 
-1 1 0 18.830000 3.540000 0 1 0 0 0 1 0 0 0 0 0 0 0 0 0 0 0 0 0 0 1 0 0 0 0 0 0 0 1 0 0.000000 0 1 0 1 0.000000 1 0 1 0 0 180.000000 1.000000 
1 0 1 47.250000 0.750000 1 0 0 0 1 0 1 0 0 0 0 0 0 0 0 1 0 0 0 0 0 0 1 0 0 0 0 0 0 0 2.750000 1 0 1 0 1.000000 0 1 1 0 0 333.000000 892.000000 
1 1 0 24.170000 0.875000 1 0 0 0 1 0 1 0 0 0 0 0 0 0 0 1 0 0 0 0 0 1 0 0 0 0 0 0 0 0 4.625000 1 0 1 0 2.000000 1 0 1 0 0 520.000000 2000.000000 
1 1 0 39.250000 9.500000 1 0 0 0 1 0 1 0 0 0 0 0 0 1 0 0 0 0 0 0 0 1 0 0 0 0 0 0 0 0 6.500000 1 0 1 0 14.000000 0 1 1 0 0 240.000000 4607.000000 
1 0 1 20.500000 11.835000 1 0 0 0 1 0 1 1 0 1 0 0 0 0 0 0 0 0 0 0 0 0 1 0 0 0 0 0 0 0 6.000000 1 0 0 1 0.000000 0 1 1 0 0 340.000000 0.000000 
1 0 1 18.830000 4.415000 0 1 0 0 0 1 0 1 0 1 0 0 0 0 0 0 0 0 0 0 0 0 1 0 0 0 0 0 0 0 3.000000 1 0 0 1 0.000000 0 1 1 0 0 240.000000 0.000000 
1 1 0 19.170000 9.500000 1 0 0 0 1 0 1 0 0 0 0 0 0 0 0 0 1 0 0 0 0 1 0 0 0 0 0 0 0 0 1.500000 1 0 0 1 0.000000 0 1 1 0 0 120.000000 2206.000000 
1 0 1 25.000000 0.875000 1 0 0 0 1 0 1 0 0 0 0 0 0 0 0 0 0 1 0 0 0 0 1 0 0 0 0 0 0 0 1.040000 1 0 0 1 0.000000 1 0 1 0 0 160.000000 5860.000000 
1 1 0 20.170000 9.250000 1 0 0 0 1 0 1 1 0 1 0 0 0 0 0 0 0 0 0 0 0 1 0 0 0 0 0 0 0 0 1.665000 1 0 1 0 3.000000 1 0 1 0 0 40.000000 28.000000 
1 1 0 25.750000 0.500000 1 0 0 0 1 0 1 1 0 1 0 0 0 0 0 0 0 0 0 0 0 1 0 0 0 0 0 0 0 0 1.460000 1 0 1 0 5.000000 1 0 1 0 0 312.000000 0.000000 
1 1 0 20.420000 7.000000 1 0 0 0 1 0 1 1 0 1 0 0 0 0 0 0 0 0 0 0 0 1 0 0 0 0 0 0 0 0 1.625000 1 0 1 0 3.000000 0 1 1 0 0 200.000000 1391.000000 
1 1 0 39.000000 5.000000 1 0 0 0 1 0 1 0 0 1 0 0 0 0 0 0 0 0 0 0 0 1 0 0 0 0 0 0 0 0 3.500000 1 0 1 0 10.000000 1 0 1 0 0 0.000000 0.000000 
1 0 1 64.080000 0.165000 1 0 0 0 1 0 1 0 0 0 0 0 0 0 0 0 0 0 0 0 1 0 0 0 0 0 0 0 1 0 0.000000 1 0 1 0 1.000000 0 1 1 0 0 232.000000 100.000000 
1 1 0 28.250000 5.125000 1 0 0 0 1 0 1 0 0 0 0 0 0 0 0 0 0 1 0 0 0 1 0 0 0 0 0 0 0 0 4.750000 1 0 1 0 2.000000 0 1 1 0 0 420.000000 7.000000 
1 0 1 28.750000 3.750000 1 0 0 0 1 0 1 1 0 1 0 0 0 0 0 0 0 0 0 0 0 1 0 0 0 0 0 0 0 0 1.085000 1 0 1 0 1.000000 1 0 1 0 0 371.000000 0.000000 
1 1 0 31.330000 19.500000 1 0 0 0 1 0 1 1 0 1 0 0 0 0 0 0 0 0 0 0 0 1 0 0 0 0 0 0 0 0 7.000000 1 0 1 0 16.000000 0 1 1 0 0 0.000000 5000.000000 
1 0 1 18.920000 9.000000 1 0 0 0 1 0 1 0 0 0 0 0 0 0 0 0 0 0 0 1 0 1 0 0 0 0 0 0 0 0 0.750000 1 0 1 0 2.000000 0 1 1 0 0 88.000000 591.000000 
1 0 1 24.750000 3.000000 1 0 0 0 1 0 1 0 0 0 0 0 0 0 0 1 0 0 0 0 0 0 1 0 0 0 0 0 0 0 1.835000 1 0 1 0 19.000000 0 1 1 0 0 0.000000 500.000000 
1 0 1 30.670000 12.000000 1 0 0 0 1 0 1 1 0 1 0 0 0 0 0 0 0 0 0 0 0 1 0 0 0 0 0 0 0 0 2.000000 1 0 1 0 1.000000 0 1 1 0 0 220.000000 19.000000 
1 1 0 21.000000 4.790000 0 1 0 0 0 1 0 0 0 0 0 0 0 0 0 0 1 0 0 0 0 1 0 0 0 0 0 0 0 0 2.250000 1 0 1 0 1.000000 1 0 1 0 0 80.000000 300.000000 
1 1 0 13.750000 4.000000 0 1 0 0 0 1 0 0 0 0 0 0 0 0 0 0 1 0 0 0 0 1 0 0 0 0 0 0 0 0 1.750000 1 0 1 0 2.000000 1 0 1 0 0 120.000000 1000.000000 
1 0 1 46.000000 4.000000 1 0 0 0 1 0 1 0 0 0 0 1 0 0 0 0 0 0 0 0 0 0 0 0 1 0 0 0 0 0 0.000000 1 0 0 1 0.000000 0 1 1 0 0 100.000000 960.000000 
1 0 1 44.330000 0.000000 1 0 0 0 1 0 1 1 0 1 0 0 0 0 0 0 0 0 0 0 0 1 0 0 0 0 0 0 0 0 2.500000 1 0 0 1 0.000000 0 1 1 0 0 0.000000 0.000000 
1 1 0 20.250000 9.960000 1 0 0 0 1 0 1 0 0 0 0 0 0 0 0 0 0 0 1 0 0 0 0 0 0 0 0 1 0 0 0.000000 1 0 0 1 0.000000 0 1 1 0 0 0.000000 0.000000 
1 1 0 22.670000 2.540000 0 1 0 0 0 1 0 1 0 1 0 0 0 0 0 0 0 0 0 0 0 0 1 0 0 0 0 0 0 0 2.585000 1 0 0 1 0.000000 0 1 1 0 0 0.000000 0.000000 
1 0 1 60.920000 5.000000 1 0 0 0 1 0 1 0 0 0 0 0 0 0 0 0 0 0 0 1 0 1 0 0 0 0 0 0 0 0 4.000000 1 0 1 0 4.000000 0 1 1 0 0 0.000000 99.000000 
1 1 0 16.080000 0.750000 1 0 0 0 1 0 1 1 0 1 0 0 0 0 0 0 0 0 0 0 0 1 0 0 0 0 0 0 0 0 1.750000 1 0 1 0 5.000000 1 0 1 0 0 352.000000 690.000000 
1 0 1 28.170000 0.375000 1 0 0 0 1 0 1 0 0 0 0 0 0 0 0 1 0 0 0 0 0 1 0 0 0 0 0 0 0 0 0.585000 1 0 1 0 4.000000 0 1 1 0 0 80.000000 0.000000 
1 1 0 39.170000 1.710000 1 0 0 0 1 0 1 0 0 0 0 0 0 0 0 0 0 1 0 0 0 1 0 0 0 0 0 0 0 0 0.125000 1 0 1 0 5.000000 1 0 1 0 0 480.000000 0.000000 
1 0 1 30.000000 5.290000 1 0 0 0 1 0 1 0 0 0 0 0 0 0 0 0 0 0 1 0 0 0 0 0 0 0 0 1 0 0 2.250000 1 0 1 0 5.000000 1 0 1 0 0 99.000000 500.000000 
1 1 0 22.830000 3.000000 1 0 0 0 1 0 1 0 0 0 0 0 0 1 0 0 0 0 0 0 0 1 0 0 0 0 0 0 0 0 1.290000 1 0 1 0 1.000000 0 1 1 0 0 260.000000 800.000000 
-1 0 1 22.500000 8.500000 1 0 0 0 1 0 1 0 0 0 0 0 0 0 0 1 0 0 0 0 0 1 0 0 0 0 0 0 0 0 1.750000 1 0 1 0 10.000000 0 1 1 0 0 80.000000 990.000000 
-1 0 1 28.580000 1.665000 1 0 0 0 1 0 1 0 0 0 0 0 0 0 0 1 0 0 0 0 0 1 0 0 0 0 0 0 0 0 2.415000 1 0 0 1 0.000000 1 0 1 0 0 440.000000 0.000000 
-1 1 0 45.170000 1.500000 1 0 0 0 1 0 1 1 0 1 0 0 0 0 0 0 0 0 0 0 0 1 0 0 0 0 0 0 0 0 2.500000 1 0 0 1 0.000000 1 0 1 0 0 140.000000 0.000000 
-1 1 0 41.580000 1.750000 1 0 0 0 1 0 1 0 0 0 0 0 1 0 0 0 0 0 0 0 0 1 0 0 0 0 0 0 0 0 0.210000 1 0 0 1 0.000000 0 1 1 0 0 160.000000 0.000000 
-1 0 1 57.080000 0.335000 1 0 0 0 1 0 1 0 0 0 1 0 0 0 0 0 0 0 0 0 0 0 0 1 0 0 0 0 0 0 1.000000 1 0 0 1 0.000000 1 0 1 0 0 252.000000 2197.000000 
-1 0 1 55.750000 7.080000 1 0 0 0 1 0 1 0 0 0 0 0 1 0 0 0 0 0 0 0 0 0 1 0 0 0 0 0 0 0 6.750000 1 0 1 0 3.000000 1 0 1 0 0 100.000000 50.000000 
-1 1 0 43.250000 25.210000 1 0 0 0 1 0 1 0 0 0 0 0 0 0 0 1 0 0 0 0 0 0 1 0 0 0 0 0 0 0 0.210000 1 0 1 0 1.000000 0 1 1 0 0 760.000000 90.000000 
-1 0 1 25.330000 2.085000 1 0 0 0 1 0 1 1 0 1 0 0 0 0 0 0 0 0 0 0 0 0 1 0 0 0 0 0 0 0 2.750000 1 0 0 1 0.000000 1 0 1 0 0 360.000000 1.000000 
-1 0 1 24.580000 0.670000 1 0 0 0 1 0 1 0 0 0 0 0 0 0 0 0 0 0 0 1 0 0 1 0 0 0 0 0 0 0 1.750000 1 0 0 1 0.000000 0 1 1 0 0 400.000000 0.000000 
-1 1 0 43.170000 2.250000 1 0 0 0 1 0 1 0 0 0 1 0 0 0 0 0 0 0 0 0 0 0 0 1 0 0 0 0 0 0 0.750000 1 0 0 1 0.000000 0 1 1 0 0 560.000000 0.000000 
-1 1 0 40.920000 0.835000 1 0 0 0 1 0 1 0 0 0 0 0 0 0 0 0 0 0 0 0 1 0 0 0 0 0 0 0 1 0 0.000000 1 0 0 1 0.000000 0 1 1 0 0 130.000000 1.000000 
-1 1 0 31.830000 2.500000 1 0 0 0 1 0 1 0 0 0 0 0 0 0 0 0 0 0 0 1 0 1 0 0 0 0 0 0 0 0 7.500000 1 0 0 1 0.000000 1 0 1 0 0 523.000000 0.000000 
-1 0 1 33.920000 1.585000 0 1 0 0 0 1 0 0 0 0 0 0 0 0 0 0 0 0 0 0 1 0 0 0 0 0 0 0 1 0 0.000000 1 0 0 1 0.000000 0 1 1 0 0 320.000000 0.000000 
-1 0 1 24.920000 1.250000 1 0 0 0 1 0 1 0 0 0 0 0 0 0 0 0 0 0 0 0 1 0 0 0 0 0 0 0 1 0 0.000000 1 0 0 1 0.000000 0 1 1 0 0 80.000000 0.000000 
-1 1 0 35.250000 3.165000 1 0 0 0 1 0 1 0 0 0 0 0 0 0 0 0 0 1 0 0 0 0 1 0 0 0 0 0 0 0 3.750000 1 0 0 1 0.000000 1 0 1 0 0 680.000000 0.000000 
-1 1 0 34.250000 1.750000 1 0 0 0 1 0 1 0 0 0 0 0 0 0 0 0 1 0 0 0 0 0 0 1 0 0 0 0 0 0 0.250000 1 0 0 1 0.000000 1 0 1 0 0 163.000000 0.000000 
-1 1 0 19.420000 1.500000 0 1 0 0 0 1 0 0 0 1 0 0 0 0 0 0 0 0 0 0 0 1 0 0 0 0 0 0 0 0 2.000000 1 0 0 1 0.000000 1 0 1 0 0 100.000000 20.000000 
-1 1 0 42.750000 3.000000 1 0 0 0 1 0 1 0 0 0 1 0 0 0 0 0 0 0 0 0 0 0 0 1 0 0 0 0 0 0 1.000000 1 0 0 1 0.000000 0 1 1 0 0 0.000000 200.000000 
-1 1 0 19.670000 10.000000 0 1 0 0 0 1 0 0 0 0 0 0 1 0 0 0 0 0 0 0 0 0 1 0 0 0 0 0 0 0 0.835000 1 0 0 1 0.000000 1 0 1 0 0 140.000000 0.000000 
-1 1 0 36.330000 3.790000 1 0 0 0 1 0 1 0 0 0 0 0 0 0 0 0 1 0 0 0 0 1 0 0 0 0 0 0 0 0 1.165000 1 0 0 1 0.000000 1 0 1 0 0 200.000000 0.000000 
-1 1 0 30.080000 1.040000 0 1 0 0 0 1 0 0 0 0 1 0 0 0 0 0 0 0 0 0 0 0 0 1 0 0 0 0 0 0 0.500000 1 0 1 0 10.000000 1 0 1 0 0 132.000000 28.000000 
-1 1 0 44.250000 11.000000 0 1 0 0 0 1 0 0 1 0 0 0 0 0 0 0 0 0 0 0 0 1 0 0 0 0 0 0 0 0 1.500000 1 0 0 1 0.000000 0 1 0 0 1 0.000000 0.000000 
-1 1 0 23.580000 0.460000 0 1 0 0 0 1 0 0 0 0 0 0 0 0 0 0 1 0 0 0 0 1 0 0 0 0 0 0 0 0 2.625000 1 0 1 0 6.000000 1 0 1 0 0 208.000000 347.000000 
1 1 0 23.920000 1.500000 1 0 0 0 1 0 1 0 1 0 0 0 0 0 0 0 0 0 0 0 0 0 1 0 0 0 0 0 0 0 1.875000 1 0 1 0 6.000000 0 1 1 0 0 200.000000 327.000000 
1 1 0 33.170000 1.000000 1 0 0 0 1 0 1 0 0 0 0 0 0 0 0 0 0 1 0 0 0 1 0 0 0 0 0 0 0 0 0.750000 1 0 1 0 7.000000 1 0 1 0 0 340.000000 4071.000000 
1 1 0 48.330000 12.000000 1 0 0 0 1 0 1 0 0 0 0 0 0 1 0 0 0 0 0 0 0 1 0 0 0 0 0 0 0 0 16.000000 1 0 0 1 0.000000 0 1 0 0 1 110.000000 0.000000 
1 1 0 76.750000 22.290000 1 0 0 0 1 0 1 0 0 0 0 0 0 0 0 0 0 0 1 0 0 0 0 0 0 0 1 0 0 0 12.750000 1 0 1 0 1.000000 1 0 1 0 0 0.000000 109.000000 
1 1 0 51.330000 10.000000 1 0 0 0 1 0 1 0 0 0 1 0 0 0 0 0 0 0 0 0 0 0 0 1 0 0 0 0 0 0 0.000000 1 0 1 0 11.000000 0 1 1 0 0 0.000000 1249.000000 
1 1 0 34.750000 15.000000 1 0 0 0 1 0 1 0 0 0 0 0 0 0 1 0 0 0 0 0 0 0 0 0 0 1 0 0 0 0 5.375000 1 0 1 0 9.000000 1 0 1 0 0 0.000000 134.000000 
1 1 0 38.580000 3.335000 1 0 0 0 1 0 1 0 0 0 0 0 0 0 0 0 1 0 0 0 0 1 0 0 0 0 0 0 0 0 4.000000 1 0 1 0 14.000000 0 1 1 0 0 383.000000 1344.000000 
1 0 1 22.420000 11.250000 0 1 0 0 0 1 0 0 0 0 0 0 0 0 0 0 0 1 0 0 0 0 1 0 0 0 0 0 0 0 0.750000 1 0 1 0 4.000000 0 1 1 0 0 0.000000 321.000000 
1 1 0 41.920000 0.420000 1 0 0 0 1 0 1 1 0 1 0 0 0 0 0 0 0 0 0 0 0 0 1 0 0 0 0 0 0 0 0.210000 1 0 1 0 6.000000 0 1 1 0 0 220.000000 948.000000 
1 1 0 29.580000 4.500000 1 0 0 0 1 0 1 0 0 0 0 0 0 0 0 0 1 0 0 0 0 1 0 0 0 0 0 0 0 0 7.500000 1 0 1 0 2.000000 1 0 1 0 0 330.000000 0.000000 
1 0 1 32.170000 1.460000 1 0 0 0 1 0 1 0 0 0 0 0 0 0 0 0 1 0 0 0 0 1 0 0 0 0 0 0 0 0 1.085000 1 0 1 0 16.000000 0 1 1 0 0 120.000000 2079.000000 
1 1 0 51.420000 0.040000 1 0 0 0 1 0 1 0 0 0 0 0 0 0 0 0 0 1 0 0 0 0 1 0 0 0 0 0 0 0 0.040000 1 0 0 1 0.000000 0 1 1 0 0 0.000000 3000.000000 
1 0 1 22.830000 2.290000 1 0 0 0 1 0 1 0 0 0 0 0 0 0 0 1 0 0 0 0 0 0 1 0 0 0 0 0 0 0 2.290000 1 0 1 0 7.000000 1 0 1 0 0 140.000000 2384.000000 
1 0 1 25.000000 12.330000 1 0 0 0 1 0 1 0 0 1 0 0 0 0 0 0 0 0 0 0 0 0 1 0 0 0 0 0 0 0 3.500000 1 0 1 0 6.000000 0 1 1 0 0 400.000000 458.000000 
1 1 0 26.750000 1.125000 1 0 0 0 1 0 1 0 0 0 0 0 0 0 0 0 0 1 0 0 0 0 1 0 0 0 0 0 0 0 1.250000 1 0 0 1 0.000000 0 1 1 0 0 0.000000 5298.000000 
1 1 0 23.330000 1.500000 1 0 0 0 1 0 1 1 0 1 0 0 0 0 0 0 0 0 0 0 0 0 1 0 0 0 0 0 0 0 1.415000 1 0 0 1 0.000000 0 1 1 0 0 422.000000 200.000000 
1 1 0 24.420000 12.335000 1 0 0 0 1 0 1 0 0 0 0 0 0 0 0 1 0 0 0 0 0 0 1 0 0 0 0 0 0 0 1.585000 1 0 0 1 0.000000 1 0 1 0 0 120.000000 0.000000 
1 1 0 42.170000 5.040000 1 0 0 0 1 0 1 0 0 0 0 0 0 0 0 1 0 0 0 0 0 0 1 0 0 0 0 0 0 0 12.750000 1 0 0 1 0.000000 1 0 1 0 0 92.000000 0.000000 
1 0 1 20.830000 3.000000 1 0 0 0 1 0 1 0 0 0 0 0 0 0 0 0 0 0 0 1 0 1 0 0 0 0 0 0 0 0 0.040000 1 0 0 1 0.000000 0 1 1 0 0 100.000000 0.000000 
1 1 0 23.080000 11.500000 1 0 0 0 1 0 1 0 0 0 0 0 0 0 0 0 1 0 0 0 0 0 1 0 0 0 0 0 0 0 2.125000 1 0 1 0 11.000000 1 0 1 0 0 290.000000 284.000000 
1 0 1 25.170000 2.875000 1 0 0 0 1 0 1 0 0 0 0 0 0 0 0 0 0 1 0 0 0 0 1 0 0 0 0 0 0 0 0.875000 1 0 0 1 0.000000 0 1 1 0 0 360.000000 0.000000 
1 1 0 43.080000 0.375000 0 1 0 0 0 1 0 1 0 1 0 0 0 0 0 0 0 0 0 0 0 1 0 0 0 0 0 0 0 0 0.375000 1 0 1 0 8.000000 1 0 1 0 0 300.000000 162.000000 
1 0 1 35.750000 0.915000 1 0 0 0 1 0 1 0 0 0 0 0 0 0 0 0 0 0 0 1 0 1 0 0 0 0 0 0 0 0 0.750000 1 0 1 0 4.000000 0 1 1 0 0 0.000000 1583.000000 
1 1 0 59.500000 2.750000 1 0 0 0 1 0 1 0 0 0 0 0 0 0 0 0 1 0 0 0 0 1 0 0 0 0 0 0 0 0 1.750000 1 0 1 0 5.000000 1 0 1 0 0 60.000000 58.000000 
1 1 0 21.000000 3.000000 0 1 0 0 0 1 0 0 1 0 0 0 0 0 0 0 0 0 0 0 0 1 0 0 0 0 0 0 0 0 1.085000 1 0 1 0 8.000000 1 0 1 0 0 160.000000 1.000000 
1 1 0 21.920000 0.540000 0 1 0 0 0 1 0 0 0 0 0 0 0 0 0 0 0 1 0 0 0 1 0 0 0 0 0 0 0 0 0.040000 1 0 1 0 1.000000 1 0 1 0 0 840.000000 59.000000 
1 0 1 65.170000 14.000000 1 0 0 0 1 0 1 0 0 0 0 0 0 0 0 0 0 0 0 0 1 0 0 0 0 0 0 0 1 0 0.000000 1 0 1 0 11.000000 1 0 1 0 0 0.000000 1400.000000 
1 0 1 20.330000 10.000000 1 0 0 0 1 0 1 1 0 1 0 0 0 0 0 0 0 0 0 0 0 0 1 0 0 0 0 0 0 0 1.000000 1 0 1 0 4.000000 0 1 1 0 0 50.000000 1465.000000 
1 1 0 32.250000 0.165000 0 1 0 0 0 1 0 1 0 1 0 0 0 0 0 0 0 0 0 0 0 0 1 0 0 0 0 0 0 0 3.250000 1 0 1 0 1.000000 1 0 1 0 0 432.000000 8000.000000 
1 1 0 30.170000 0.500000 1 0 0 0 1 0 1 1 0 1 0 0 0 0 0 0 0 0 0 0 0 1 0 0 0 0 0 0 0 0 1.750000 1 0 1 0 11.000000 0 1 1 0 0 32.000000 540.000000 
1 1 0 25.170000 6.000000 1 0 0 0 1 0 1 1 0 1 0 0 0 0 0 0 0 0 0 0 0 1 0 0 0 0 0 0 0 0 1.000000 1 0 1 0 3.000000 0 1 1 0 0 0.000000 0.000000 
1 1 0 39.170000 1.625000 1 0 0 0 1 0 1 1 0 1 0 0 0 0 0 0 0 0 0 0 0 1 0 0 0 0 0 0 0 0 1.500000 1 0 1 0 10.000000 0 1 1 0 0 186.000000 4700.000000 
1 1 0 39.080000 6.000000 1 0 0 0 1 0 1 0 0 0 0 0 0 1 0 0 0 0 0 0 0 1 0 0 0 0 0 0 0 0 1.290000 1 0 1 0 5.000000 1 0 1 0 0 108.000000 1097.000000 
1 1 0 31.670000 0.830000 1 0 0 0 1 0 1 0 0 0 0 0 0 0 0 0 0 1 0 0 0 1 0 0 0 0 0 0 0 0 1.335000 1 0 1 0 8.000000 1 0 1 0 0 303.000000 3290.000000 
1 1 0 41.000000 0.040000 1 0 0 0 1 0 1 0 0 0 0 0 0 0 0 0 0 0 1 0 0 1 0 0 0 0 0 0 0 0 0.040000 0 1 1 0 1.000000 0 1 0 0 1 560.000000 0.000000 
1 1 0 48.500000 4.250000 1 0 0 0 1 0 1 0 0 0 0 0 0 1 0 0 0 0 0 0 0 1 0 0 0 0 0 0 0 0 0.125000 1 0 0 1 0.000000 1 0 1 0 0 225.000000 0.000000 
1 1 0 32.670000 9.000000 0 1 0 0 0 1 0 0 0 0 0 0 0 0 0 0 1 0 0 0 0 0 1 0 0 0 0 0 0 0 5.250000 1 0 0 1 0.000000 1 0 1 0 0 154.000000 0.000000 
1 0 1 28.080000 15.000000 0 1 0 0 0 1 0 0 0 0 0 0 0 0 0 0 0 0 1 0 0 0 0 0 0 0 1 0 0 0 0.000000 1 0 0 1 0.000000 0 1 1 0 0 0.000000 13212.000000 
1 1 0 73.420000 17.750000 1 0 0 0 1 0 1 0 0 0 0 0 0 0 0 0 0 0 0 0 1 0 0 0 0 0 0 0 1 0 0.000000 1 0 0 1 0.000000 1 0 1 0 0 0.000000 0.000000 
1 1 0 64.080000 20.000000 1 0 0 0 1 0 1 0 0 0 0 0 0 0 0 0 0 1 0 0 0 0 1 0 0 0 0 0 0 0 17.500000 1 0 1 0 9.000000 1 0 1 0 0 0.000000 1000.000000 
1 1 0 51.580000 15.000000 1 0 0 0 1 0 1 1 0 1 0 0 0 0 0 0 0 0 0 0 0 1 0 0 0 0 0 0 0 0 8.500000 1 0 1 0 9.000000 0 1 1 0 0 0.000000 0.000000 
1 1 0 26.670000 1.750000 0 1 0 0 0 1 0 1 0 1 0 0 0 0 0 0 0 0 0 0 0 1 0 0 0 0 0 0 0 0 1.000000 1 0 1 0 5.000000 1 0 1 0 0 160.000000 5777.000000 
1 1 0 25.330000 0.580000 1 0 0 0 1 0 1 1 0 1 0 0 0 0 0 0 0 0 0 0 0 1 0 0 0 0 0 0 0 0 0.290000 1 0 1 0 7.000000 1 0 1 0 0 96.000000 5124.000000 
1 1 0 30.170000 6.500000 1 0 0 0 1 0 1 0 0 1 0 0 0 0 0 0 0 0 0 0 0 1 0 0 0 0 0 0 0 0 3.125000 1 0 1 0 8.000000 0 1 1 0 0 330.000000 1200.000000 
1 1 0 27.000000 0.750000 1 0 0 0 1 0 1 1 0 1 0 0 0 0 0 0 0 0 0 0 0 0 1 0 0 0 0 0 0 0 4.250000 1 0 1 0 3.000000 1 0 1 0 0 312.000000 150.000000 
1 1 0 34.170000 5.250000 1 0 0 0 1 0 1 0 0 0 0 0 0 0 0 0 1 0 0 0 0 1 0 0 0 0 0 0 0 0 0.085000 0 1 0 1 0.000000 1 0 1 0 0 290.000000 6.000000 
1 1 0 38.670000 0.210000 1 0 0 0 1 0 1 0 0 0 0 0 1 0 0 0 0 0 0 0 0 1 0 0 0 0 0 0 0 0 0.085000 1 0 0 1 0.000000 1 0 1 0 0 280.000000 0.000000 
1 1 0 25.750000 0.750000 1 0 0 0 1 0 1 1 0 1 0 0 0 0 0 0 0 0 0 0 0 0 0 1 0 0 0 0 0 0 0.250000 1 0 0 1 0.000000 0 1 1 0 0 349.000000 23.000000 
1 0 1 46.080000 3.000000 1 0 0 0 1 0 1 1 0 1 0 0 0 0 0 0 0 0 0 0 0 1 0 0 0 0 0 0 0 0 2.375000 1 0 1 0 8.000000 1 0 1 0 0 396.000000 4159.000000 
1 0 1 21.500000 6.000000 1 0 0 0 1 0 1 0 0 0 0 0 0 0 0 0 0 0 0 1 0 1 0 0 0 0 0 0 0 0 2.500000 1 0 1 0 3.000000 0 1 1 0 0 80.000000 918.000000 
1 1 0 20.500000 2.415000 1 0 0 0 1 0 1 1 0 1 0 0 0 0 0 0 0 0 0 0 0 1 0 0 0 0 0 0 0 0 2.000000 1 0 1 0 11.000000 1 0 1 0 0 200.000000 3000.000000 
1 0 1 29.500000 0.460000 1 0 0 0 1 0 1 0 0 0 0 0 1 0 0 0 0 0 0 0 0 1 0 0 0 0 0 0 0 0 0.540000 1 0 1 0 4.000000 0 1 1 0 0 380.000000 500.000000 
-1 1 0 29.830000 1.250000 0 1 0 0 0 1 0 0 0 0 0 0 1 0 0 0 0 0 0 0 0 1 0 0 0 0 0 0 0 0 0.250000 0 1 0 1 0.000000 0 1 1 0 0 224.000000 0.000000 
-1 1 0 20.080000 0.250000 1 0 0 0 1 0 1 0 0 0 0 0 0 0 0 1 0 0 0 0 0 1 0 0 0 0 0 0 0 0 0.125000 0 1 0 1 0.000000 0 1 1 0 0 200.000000 0.000000 
-1 1 0 23.420000 0.585000 1 0 0 0 1 0 1 1 0 1 0 0 0 0 0 0 0 0 0 0 0 0 1 0 0 0 0 0 0 0 0.085000 1 0 0 1 0.000000 0 1 1 0 0 180.000000 0.000000 
-1 0 1 29.580000 1.750000 0 1 0 0 0 1 0 0 0 0 0 0 1 0 0 0 0 0 0 0 0 1 0 0 0 0 0 0 0 0 1.250000 0 1 0 1 0.000000 1 0 1 0 0 280.000000 0.000000 
1 1 0 16.170000 0.040000 1 0 0 0 1 0 1 1 0 1 0 0 0 0 0 0 0 0 0 0 0 1 0 0 0 0 0 0 0 0 0.040000 0 1 0 1 0.000000 0 1 1 0 0 0.000000 0.000000 
-1 1 0 32.330000 3.500000 1 0 0 0 1 0 1 0 0 0 0 0 1 0 0 0 0 0 0 0 0 1 0 0 0 0 0 0 0 0 0.500000 0 1 0 1 0.000000 1 0 1 0 0 232.000000 0.000000 
-1 1 0 47.830000 4.165000 1 0 0 0 1 0 1 0 0 0 0 0 0 0 0 0 0 1 0 0 0 0 0 1 0 0 0 0 0 0 0.085000 0 1 0 1 0.000000 1 0 1 0 0 520.000000 0.000000 
-1 1 0 20.000000 1.250000 0 1 0 0 0 1 0 0 0 0 0 0 1 0 0 0 0 0 0 0 0 1 0 0 0 0 0 0 0 0 0.125000 0 1 0 1 0.000000 0 1 1 0 0 140.000000 4.000000 
-1 1 0 27.580000 3.250000 0 1 0 0 0 1 0 0 0 0 0 0 0 0 0 1 0 0 0 0 0 0 1 0 0 0 0 0 0 0 5.085000 0 1 1 0 2.000000 1 0 1 0 0 369.000000 1.000000 
-1 1 0 22.000000 0.790000 1 0 0 0 1 0 1 0 0 0 0 0 0 0 0 0 1 0 0 0 0 1 0 0 0 0 0 0 0 0 0.290000 0 1 1 0 1.000000 0 1 1 0 0 420.000000 283.000000 
-1 1 0 19.330000 10.915000 1 0 0 0 1 0 1 1 0 1 0 0 0 0 0 0 0 0 0 0 0 0 0 1 0 0 0 0 0 0 0.585000 0 1 1 0 2.000000 1 0 1 0 0 200.000000 7.000000 
-1 0 1 38.330000 4.415000 1 0 0 0 1 0 1 1 0 1 0 0 0 0 0 0 0 0 0 0 0 1 0 0 0 0 0 0 0 0 0.125000 0 1 0 1 0.000000 0 1 1 0 0 160.000000 0.000000 
-1 1 0 29.420000 1.250000 1 0 0 0 1 0 1 1 0 1 0 0 0 0 0 0 0 0 0 0 0 0 1 0 0 0 0 0 0 0 0.250000 0 1 1 0 2.000000 1 0 1 0 0 400.000000 108.000000 
-1 1 0 22.670000 0.750000 1 0 0 0 1 0 1 0 0 0 1 0 0 0 0 0 0 0 0 0 0 1 0 0 0 0 0 0 0 0 1.585000 0 1 1 0 1.000000 1 0 1 0 0 400.000000 9.000000 
-1 1 0 32.250000 14.000000 0 1 0 0 0 1 0 0 0 0 0 0 0 0 0 0 0 0 0 0 1 0 0 0 0 0 0 0 1 0 0.000000 0 1 1 0 2.000000 0 1 1 0 0 160.000000 1.000000 
-1 1 0 29.580000 4.750000 1 0 0 0 1 0 1 0 0 0 0 0 0 1 0 0 0 0 0 0 0 1 0 0 0 0 0 0 0 0 2.000000 0 1 1 0 1.000000 1 0 1 0 0 460.000000 68.000000 
-1 1 0 18.420000 10.415000 0 1 0 0 0 1 0 0 0 0 0 0 0 0 0 0 0 0 0 1 0 1 0 0 0 0 0 0 0 0 0.125000 1 0 0 1 0.000000 0 1 1 0 0 120.000000 375.000000 
-1 1 0 22.170000 2.250000 1 0 0 0 1 0 1 0 0 0 1 0 0 0 0 0 0 0 0 0 0 1 0 0 0 0 0 0 0 0 0.125000 0 1 0 1 0.000000 0 1 1 0 0 160.000000 10.000000 
1 1 0 22.670000 0.165000 1 0 0 0 1 0 1 1 0 1 0 0 0 0 0 0 0 0 0 0 0 0 0 0 1 0 0 0 0 0 2.250000 0 1 0 1 0.000000 1 0 0 0 1 0.000000 0.000000 
-1 1 0 18.830000 0.000000 1 0 0 0 1 0 1 0 0 0 0 0 0 0 0 1 0 0 0 0 0 1 0 0 0 0 0 0 0 0 0.665000 0 1 0 1 0.000000 0 1 1 0 0 160.000000 1.000000 
-1 1 0 21.580000 0.790000 0 1 0 0 0 1 0 0 0 1 0 0 0 0 0 0 0 0 0 0 0 1 0 0 0 0 0 0 0 0 0.665000 0 1 0 1 0.000000 0 1 1 0 0 160.000000 0.000000 
-1 1 0 23.750000 12.000000 1 0 0 0 1 0 1 1 0 1 0 0 0 0 0 0 0 0 0 0 0 1 0 0 0 0 0 0 0 0 2.085000 0 1 0 1 0.000000 0 1 0 0 1 80.000000 0.000000 
-1 1 0 36.080000 2.540000 1 0 0 0 1 0 1 0 0 0 0 0 0 0 0 0 0 0 0 0 1 0 0 0 0 0 0 0 1 0 0.000000 0 1 0 1 0.000000 0 1 1 0 0 0.000000 1000.000000 
-1 1 0 29.250000 13.000000 1 0 0 0 1 0 1 0 1 0 0 0 0 0 0 0 0 0 0 0 0 0 1 0 0 0 0 0 0 0 0.500000 0 1 0 1 0.000000 0 1 1 0 0 228.000000 0.000000 
-1 0 1 19.580000 0.665000 1 0 0 0 1 0 1 0 0 0 0 0 0 0 0 0 1 0 0 0 0 1 0 0 0 0 0 0 0 0 1.665000 0 1 0 1 0.000000 0 1 1 0 0 220.000000 5.000000 
-1 0 1 22.920000 1.250000 1 0 0 0 1 0 1 0 0 0 0 0 0 0 0 1 0 0 0 0 0 1 0 0 0 0 0 0 0 0 0.250000 0 1 0 1 0.000000 1 0 1 0 0 120.000000 809.000000 
-1 0 1 27.250000 0.290000 1 0 0 0 1 0 1 0 0 0 0 0 0 1 0 0 0 0 0 0 0 0 1 0 0 0 0 0 0 0 0.125000 0 1 1 0 1.000000 1 0 1 0 0 272.000000 108.000000 
-1 0 1 38.750000 1.500000 1 0 0 0 1 0 1 0 0 0 0 0 0 0 0 0 0 0 0 0 1 0 0 0 0 0 0 0 1 0 0.000000 0 1 0 1 0.000000 0 1 1 0 0 76.000000 0.000000 
-1 1 0 32.420000 2.165000 0 1 0 0 0 1 0 0 0 0 0 0 1 0 0 0 0 0 0 0 0 0 0 0 0 0 0 0 1 0 0.000000 0 1 0 1 0.000000 0 1 1 0 0 120.000000 0.000000 
-1 0 1 23.750000 0.710000 1 0 0 0 1 0 1 0 0 0 0 0 0 0 0 0 1 0 0 0 0 1 0 0 0 0 0 0 0 0 0.250000 0 1 1 0 1.000000 1 0 1 0 0 240.000000 4.000000 
-1 1 0 18.170000 2.460000 1 0 0 0 1 0 1 1 0 1 0 0 0 0 0 0 0 0 0 0 0 0 0 0 0 1 0 0 0 0 0.960000 0 1 1 0 2.000000 1 0 1 0 0 160.000000 587.000000 
-1 1 0 40.920000 0.500000 0 1 0 0 0 1 0 0 0 0 0 0 0 1 0 0 0 0 0 0 0 1 0 0 0 0 0 0 0 0 0.500000 0 1 0 1 0.000000 1 0 1 0 0 130.000000 0.000000 
-1 1 0 19.500000 9.585000 1 0 0 0 1 0 1 0 0 0 0 0 0 0 0 0 0 0 0 1 0 1 0 0 0 0 0 0 0 0 0.790000 0 1 0 1 0.000000 0 1 1 0 0 80.000000 350.000000 
-1 1 0 28.580000 3.625000 1 0 0 0 1 0 1 0 0 0 0 0 0 0 0 0 0 0 0 1 0 1 0 0 0 0 0 0 0 0 0.250000 0 1 0 1 0.000000 1 0 1 0 0 100.000000 0.000000 
-1 1 0 35.580000 0.750000 1 0 0 0 1 0 1 0 0 0 0 0 1 0 0 0 0 0 0 0 0 1 0 0 0 0 0 0 0 0 1.500000 0 1 0 1 0.000000 1 0 1 0 0 231.000000 0.000000 
-1 1 0 34.170000 2.750000 1 0 0 0 1 0 1 0 0 0 1 0 0 0 0 0 0 0 0 0 0 0 0 1 0 0 0 0 0 0 2.500000 0 1 0 1 0.000000 1 0 1 0 0 232.000000 200.000000 
-1 1 0 31.580000 0.750000 0 1 0 0 0 1 0 0 0 0 0 0 0 0 0 0 0 0 0 1 0 1 0 0 0 0 0 0 0 0 3.500000 0 1 0 1 0.000000 1 0 1 0 0 320.000000 0.000000 
-1 0 1 52.500000 7.000000 1 0 0 0 1 0 1 0 0 0 0 0 0 0 0 0 0 0 0 1 0 0 1 0 0 0 0 0 0 0 3.000000 0 1 0 1 0.000000 0 1 1 0 0 0.000000 0.000000 
-1 1 0 36.170000 0.420000 0 1 0 0 0 1 0 0 0 0 0 0 0 0 0 0 1 0 0 0 0 1 0 0 0 0 0 0 0 0 0.290000 0 1 0 1 0.000000 1 0 1 0 0 309.000000 2.000000 
-1 1 0 37.330000 2.665000 1 0 0 0 1 0 1 0 0 1 0 0 0 0 0 0 0 0 0 0 0 1 0 0 0 0 0 0 0 0 0.165000 0 1 0 1 0.000000 1 0 1 0 0 0.000000 501.000000 
-1 0 1 20.830000 8.500000 1 0 0 0 1 0 1 1 0 1 0 0 0 0 0 0 0 0 0 0 0 1 0 0 0 0 0 0 0 0 0.165000 0 1 0 1 0.000000 0 1 1 0 0 0.000000 351.000000 
-1 1 0 24.080000 9.000000 1 0 0 0 1 0 1 0 0 0 0 0 0 0 0 0 0 0 0 1 0 1 0 0 0 0 0 0 0 0 0.250000 0 1 0 1 0.000000 1 0 1 0 0 0.000000 0.000000 
-1 1 0 25.580000 0.335000 1 0 0 0 1 0 1 0 0 0 0 0 1 0 0 0 0 0 0 0 0 0 1 0 0 0 0 0 0 0 3.500000 0 1 0 1 0.000000 1 0 1 0 0 340.000000 0.000000 
-1 0 1 35.170000 3.750000 1 0 0 0 1 0 1 0 0 0 0 0 0 0 0 0 0 0 0 0 1 0 0 0 0 0 0 0 1 0 0.000000 0 1 1 0 6.000000 0 1 1 0 0 0.000000 200.000000 
-1 1 0 48.080000 3.750000 1 0 0 0 1 0 1 0 0 0 1 0 0 0 0 0 0 0 0 0 0 0 0 1 0 0 0 0 0 0 1.000000 0 1 0 1 0.000000 0 1 1 0 0 100.000000 2.000000 
-1 0 1 15.830000 7.625000 1 0 0 0 1 0 1 0 0 0 0 0 0 0 0 1 0 0 0 0 0 1 0 0 0 0 0 0 0 0 0.125000 0 1 1 0 1.000000 1 0 1 0 0 0.000000 160.000000 
-1 0 1 22.500000 0.415000 1 0 0 0 1 0 1 0 0 0 1 0 0 0 0 0 0 0 0 0 0 1 0 0 0 0 0 0 0 0 0.335000 0 1 0 1 0.000000 1 0 0 0 1 144.000000 0.000000 
-1 1 0 21.500000 11.500000 1 0 0 0 1 0 1 0 0 0 1 0 0 0 0 0 0 0 0 0 0 1 0 0 0 0 0 0 0 0 0.500000 1 0 0 1 0.000000 1 0 1 0 0 100.000000 68.000000 
-1 0 1 23.580000 0.830000 1 0 0 0 1 0 1 0 0 0 0 0 0 0 0 1 0 0 0 0 0 1 0 0 0 0 0 0 0 0 0.415000 0 1 1 0 1.000000 1 0 1 0 0 200.000000 11.000000 
-1 0 1 21.080000 5.000000 0 1 0 0 0 1 0 0 0 0 0 0 0 0 0 0 0 0 0 0 1 0 0 0 0 0 0 0 1 0 0.000000 0 1 0 1 0.000000 0 1 1 0 0 0.000000 0.000000 
-1 1 0 25.670000 3.250000 1 0 0 0 1 0 1 1 0 1 0 0 0 0 0 0 0 0 0 0 0 0 1 0 0 0 0 0 0 0 2.290000 0 1 1 0 1.000000 1 0 1 0 0 416.000000 21.000000 
-1 0 1 38.920000 1.665000 1 0 0 0 1 0 1 0 0 0 0 0 0 0 0 0 0 0 0 1 0 1 0 0 0 0 0 0 0 0 0.250000 0 1 0 1 0.000000 0 1 1 0 0 0.000000 390.000000 
-1 0 1 15.750000 0.375000 1 0 0 0 1 0 1 1 0 1 0 0 0 0 0 0 0 0 0 0 0 1 0 0 0 0 0 0 0 0 1.000000 0 1 0 1 0.000000 0 1 1 0 0 120.000000 18.000000 
-1 0 1 28.580000 3.750000 1 0 0 0 1 0 1 1 0 1 0 0 0 0 0 0 0 0 0 0 0 1 0 0 0 0 0 0 0 0 0.250000 0 1 1 0 1.000000 1 0 1 0 0 40.000000 154.000000 
-1 1 0 22.250000 9.000000 1 0 0 0 1 0 1 0 0 0 0 0 0 0 0 0 0 0 0 1 0 1 0 0 0 0 0 0 0 0 0.085000 0 1 0 1 0.000000 0 1 1 0 0 0.000000 0.000000 
-1 1 0 29.830000 3.500000 1 0 0 0 1 0 1 1 0 1 0 0 0 0 0 0 0 0 0 0 0 1 0 0 0 0 0 0 0 0 0.165000 0 1 0 1 0.000000 0 1 1 0 0 216.000000 0.000000 
-1 0 1 23.500000 1.500000 1 0 0 0 1 0 1 0 0 0 0 0 0 0 0 0 1 0 0 0 0 1 0 0 0 0 0 0 0 0 0.875000 0 1 0 1 0.000000 1 0 1 0 0 160.000000 0.000000 
-1 1 0 32.080000 4.000000 0 1 0 0 0 1 0 0 0 1 0 0 0 0 0 0 0 0 0 0 0 1 0 0 0 0 0 0 0 0 1.500000 0 1 0 1 0.000000 1 0 1 0 0 120.000000 0.000000 
-1 1 0 31.080000 1.500000 0 1 0 0 0 1 0 0 0 0 0 0 0 0 0 0 1 0 0 0 0 1 0 0 0 0 0 0 0 0 0.040000 0 1 0 1 0.000000 0 1 0 0 1 160.000000 0.000000 
-1 1 0 31.830000 0.040000 0 1 0 0 0 1 0 0 0 0 0 0 0 1 0 0 0 0 0 0 0 1 0 0 0 0 0 0 0 0 0.040000 0 1 0 1 0.000000 0 1 1 0 0 0.000000 0.000000 
-1 0 1 21.750000 11.750000 1 0 0 0 1 0 1 1 0 1 0 0 0 0 0 0 0 0 0 0 0 1 0 0 0 0 0 0 0 0 0.250000 0 1 0 1 0.000000 1 0 1 0 0 180.000000 0.000000 
-1 0 1 17.920000 0.540000 1 0 0 0 1 0 1 1 0 1 0 0 0 0 0 0 0 0 0 0 0 1 0 0 0 0 0 0 0 0 1.750000 0 1 1 0 1.000000 1 0 1 0 0 80.000000 5.000000 
-1 1 0 30.330000 0.500000 1 0 0 0 1 0 1 0 1 0 0 0 0 0 0 0 0 0 0 0 0 0 1 0 0 0 0 0 0 0 0.085000 0 1 0 1 0.000000 1 0 0 0 1 252.000000 0.000000 
-1 1 0 51.830000 2.040000 0 1 0 0 0 1 0 0 0 0 0 0 0 0 0 0 0 0 0 0 1 0 0 0 0 0 0 0 1 0 1.500000 0 1 0 1 0.000000 0 1 1 0 0 120.000000 1.000000 
-1 1 0 47.170000 5.835000 1 0 0 0 1 0 1 0 0 0 0 0 0 0 0 0 1 0 0 0 0 1 0 0 0 0 0 0 0 0 5.500000 0 1 0 1 0.000000 0 1 1 0 0 465.000000 150.000000 
-1 1 0 25.830000 12.835000 1 0 0 0 1 0 1 0 0 1 0 0 0 0 0 0 0 0 0 0 0 1 0 0 0 0 0 0 0 0 0.500000 0 1 0 1 0.000000 0 1 1 0 0 0.000000 2.000000 
-1 0 1 50.250000 0.835000 1 0 0 0 1 0 1 0 0 0 0 0 0 0 0 0 0 0 0 1 0 1 0 0 0 0 0 0 0 0 0.500000 0 1 0 1 0.000000 1 0 1 0 0 240.000000 117.000000 
-1 0 1 37.330000 2.500000 1 0 0 0 1 0 1 0 0 0 1 0 0 0 0 0 0 0 0 0 0 0 1 0 0 0 0 0 0 0 0.210000 0 1 0 1 0.000000 0 1 1 0 0 260.000000 246.000000 
-1 0 1 41.580000 1.040000 1 0 0 0 1 0 1 0 0 0 0 0 0 0 0 0 0 0 0 1 0 1 0 0 0 0 0 0 0 0 0.665000 0 1 0 1 0.000000 0 1 1 0 0 240.000000 237.000000 
-1 0 1 30.580000 10.665000 1 0 0 0 1 0 1 0 0 0 0 0 0 0 0 1 0 0 0 0 0 0 1 0 0 0 0 0 0 0 0.085000 0 1 1 0 12.000000 1 0 1 0 0 129.000000 3.000000 
-1 1 0 19.420000 7.250000 1 0 0 0 1 0 1 0 0 0 0 0 0 1 0 0 0 0 0 0 0 1 0 0 0 0 0 0 0 0 0.040000 0 1 1 0 1.000000 0 1 1 0 0 100.000000 1.000000 
-1 0 1 17.920000 10.210000 1 0 0 0 1 0 1 0 0 0 0 0 0 0 0 0 0 0 0 0 1 0 0 0 0 0 0 0 1 0 0.000000 0 1 0 1 0.000000 0 1 1 0 0 0.000000 50.000000 
-1 0 1 20.080000 1.250000 1 0 0 0 1 0 1 1 0 1 0 0 0 0 0 0 0 0 0 0 0 1 0 0 0 0 0 0 0 0 0.000000 0 1 0 1 0.000000 0 1 1 0 0 0.000000 0.000000 
-1 1 0 19.500000 0.290000 1 0 0 0 1 0 1 0 0 0 0 0 1 0 0 0 0 0 0 0 0 1 0 0 0 0 0 0 0 0 0.290000 0 1 0 1 0.000000 0 1 1 0 0 280.000000 364.000000 
-1 1 0 27.830000 1.000000 0 1 0 0 0 1 0 0 1 0 0 0 0 0 0 0 0 0 0 0 0 0 1 0 0 0 0 0 0 0 3.000000 0 1 0 1 0.000000 0 1 1 0 0 176.000000 537.000000 
-1 1 0 17.080000 3.290000 1 0 0 0 1 0 1 0 0 0 1 0 0 0 0 0 0 0 0 0 0 1 0 0 0 0 0 0 0 0 0.335000 0 1 0 1 0.000000 1 0 1 0 0 140.000000 2.000000 
-1 1 0 36.420000 0.750000 0 1 0 0 0 1 0 0 1 0 0 0 0 0 0 0 0 0 0 0 0 1 0 0 0 0 0 0 0 0 0.585000 0 1 0 1 0.000000 0 1 1 0 0 240.000000 3.000000 
-1 1 0 40.580000 3.290000 1 0 0 0 1 0 1 0 0 0 0 0 0 1 0 0 0 0 0 0 0 1 0 0 0 0 0 0 0 0 3.500000 0 1 0 1 0.000000 1 0 0 0 1 400.000000 0.000000 
-1 1 0 21.080000 10.085000 0 1 0 0 0 1 0 0 0 0 0 0 0 0 0 0 0 0 1 0 0 0 1 0 0 0 0 0 0 0 1.250000 0 1 0 1 0.000000 0 1 1 0 0 260.000000 0.000000 
-1 0 1 22.670000 0.750000 1 0 0 0 1 0 1 1 0 1 0 0 0 0 0 0 0 0 0 0 0 1 0 0 0 0 0 0 0 0 2.000000 0 1 1 0 2.000000 1 0 1 0 0 200.000000 394.000000 
-1 0 1 25.250000 13.500000 0 1 0 0 0 1 0 0 0 0 0 0 0 0 0 0 0 0 0 0 1 0 0 0 0 0 0 0 1 0 2.000000 0 1 1 0 1.000000 1 0 1 0 0 200.000000 1.000000 
-1 1 0 17.920000 0.205000 1 0 0 0 1 0 1 0 0 0 0 0 0 0 0 0 0 0 0 1 0 1 0 0 0 0 0 0 0 0 0.040000 0 1 0 1 0.000000 0 1 1 0 0 280.000000 750.000000 
-1 1 0 35.000000 3.375000 1 0 0 0 1 0 1 1 0 1 0 0 0 0 0 0 0 0 0 0 0 0 1 0 0 0 0 0 0 0 8.290000 0 1 0 1 0.000000 1 0 1 0 0 0.000000 0.000000 
